0.000000|0.000000|0.000000|0.000000|0.000000
0.000000|0.000000|0.000000|0.000000|0.000000
0.000000|0.000000|0.000000|0.000000|0.000000
0.000000|0.000000|0.000000|0.000000|0.000000
-0.034411|2.964007|-0.999656|-0.992760|-0.959109
0.000000|0.000000|0.000000|0.000000|0.000000
0.000000|0.000000|0.000000|0.000000|0.000000
0.000000|0.000000|0.000000|0.000000|0.000000
-0.954450|-0.072320|-0.999999|-0.999999|-0.948535
-0.999991|-0.999991|-0.999990|-0.999991|-0.999943
-0.995123|-0.990211|-0.990427|-0.990083|-0.977057
-0.999999|-0.999999|-0.999999|-0.999999|-0.999999
2.894308|4.077556|2.227029|3.141517|1.874221
0.000000|0.000000|0.000000|0.000000|0.000000
4.018362|2.725216|2.578254|4.011174|4.019057
2.987902|1.992272|2.460479|4.046540|2.279138
1.781233|0.185909|-0.988391|1.037721|-0.903994
0.000000|0.000000|0.000000|0.000000|0.000000
2.254267|-0.674531|-0.991905|-0.870725|3.747212
1.935549|-0.985132|-0.994257|3.132642|-0.990257
-0.809924|-0.979951|-0.999999|-0.998018|-0.999347
-0.999999|-0.999999|-0.999999|-0.999999|-0.999999
-0.999715|-0.999716|-0.999714|-0.999870|-0.999723
-0.999999|-0.999999|-0.999999|-0.999999|-0.999999
-0.824255|4.004625|1.626981|2.558252|1.589011
0.000000|0.000000|0.000000|0.000000|0.000000
0.000000|0.000000|0.000000|0.000000|0.000000
0.000000|0.000000|0.000000|0.000000|0.000000
-0.999108|3.026968|-0.991819|2.014137|-0.996095
0.000000|0.000000|0.000000|0.000000|0.000000
-0.924781|3.240457|-0.864086|-0.844336|2.922107
0.000000|0.000000|0.000000|0.000000|0.000000
-0.999999|-0.844787|-0.996262|-0.996087|-0.997796
-0.999960|-0.999961|-0.999960|-0.999960|-0.999961
-0.999999|-0.904744|-0.999979|-0.984117|-0.974408
-0.999254|-0.999233|-0.999246|-0.999252|-0.999255
-0.959141|4.004646|1.875214|3.258695|1.995309
0.000000|0.000000|0.000000|0.000000|0.000000
0.000000|0.000000|0.000000|0.000000|0.000000
0.000000|0.000000|0.000000|0.000000|0.000000
-0.999424|3.138073|-0.999137|1.098308|-0.999547
0.000000|0.000000|0.000000|0.000000|0.000000
-0.837312|3.285396|-0.831303|-0.737685|2.981326
0.000000|0.000000|0.000000|0.000000|0.000000
-0.999999|-0.502272|-0.999992|-0.999954|-0.999999
-0.999999|-0.999999|-0.999999|-0.999999|-0.999999
-0.999148|-0.827481|-0.999090|-0.988207|-0.778476
-0.999999|-0.999999|-0.999999|-0.999999|-0.999999
0.000000|0.000000|0.000000|0.000000|0.000000
0.000000|0.000000|0.000000|0.000000|0.000000
0.000000|0.000000|0.000000|0.000000|0.000000
0.000000|0.000000|0.000000|0.000000|0.000000
1.940492|-0.858834|-0.999999|-0.956361|-0.999999
1.936948|-0.998943|2.969758|-0.953209|-0.998720
0.000000|0.000000|0.000000|0.000000|0.000000
0.000000|0.000000|0.000000|0.000000|0.000000
-0.999999|-0.999999|-0.999999|-0.999999|-0.999999
-0.999977|-0.999977|-0.998644|-0.999976|-0.999977
-0.999999|-0.999998|-0.999999|-0.999999|-0.999999
-0.978255|-0.999999|-0.959879|-0.977931|-0.997787
6.087116|4.076985|1.907172|6.112596|2.129028
2.803188|2.856082|4.020900|1.901701|1.849848
3.478710|2.630368|2.433696|4.133989|4.008156
3.062805|2.004840|1.355903|4.174484|2.068454
2.792218|2.972239|-0.991755|2.598611|-0.360663
1.595879|1.457171|2.438985|-0.532062|2.970970
2.682763|-0.857837|-0.995126|-0.748811|3.076445
2.005378|-0.377892|-0.061456|3.079311|-0.976439
-0.957367|-0.234874|-0.964602|-0.845300|-0.846912
-0.999999|-0.999999|-0.999999|-0.999999|-0.999999
-0.999999|-0.999999|-0.999999|-0.999999|-0.957043
-0.999999|-0.999999|-0.999645|-0.999999|-0.999999
2.969690|4.203686|0.840605|2.619195|0.848893
0.000000|0.000000|0.000000|0.000000|0.000000
0.000000|0.000000|0.000000|0.000000|0.000000
0.000000|0.000000|0.000000|0.000000|0.000000
2.204551|3.007904|-0.999958|1.493122|-0.994584
0.000000|0.000000|0.000000|0.000000|0.000000
2.974560|3.315581|-0.935751|0.483147|-0.386337
0.000000|0.000000|0.000000|0.000000|0.000000
-0.946149|-0.233586|-0.999999|-0.999999|-0.999999
-0.999998|-0.999999|-0.983418|-0.999998|-0.999998
-0.999953|-0.999931|-0.999950|-0.999964|-0.999962
-0.997988|-0.998440|-0.994689|-0.994644|-0.999999
2.987740|4.029116|0.041292|0.620090|2.033294
0.000000|0.000000|0.000000|0.000000|0.000000
3.884057|2.099556|0.275245|2.526071|4.005502
3.015232|1.985787|0.506043|4.060240|2.214094
2.524973|3.000354|-0.999999|2.102558|1.038821
0.000000|0.000000|0.000000|0.000000|0.000000
2.359305|-0.147151|-0.994062|-0.999150|3.133661
1.962934|-0.994629|-0.992057|3.109757|-0.989612
-0.955042|-0.383674|-0.998565|-0.957287|-0.975056
-0.999999|-0.999999|-0.999999|-0.999999|-0.999999
-0.999999|-0.999999|-0.999999|-0.999999|-0.999999
-0.999999|-0.999999|-0.999999|-0.999999|-0.999999
3.132371|4.001300|2.976809|1.985988|1.943155
2.967325|1.943280|4.004923|1.942333|1.938990
2.967221|1.942909|1.957712|1.981037|4.000005
2.965902|1.940047|2.075499|4.000005|1.949126
2.104552|2.964704|0.979986|1.958131|-0.500710
1.942111|-0.998579|2.970179|-0.931559|1.770596
1.976639|0.911466|0.573715|-0.995954|2.965543
1.940298|-0.995054|-0.435674|2.964106|-0.866688
-0.999999|-0.999999|-0.999999|-0.999999|-0.999999
-0.988601|-0.999384|-0.235640|-0.988244|-0.988054
-0.999999|-0.999999|-0.999999|-0.999998|-0.999999
-0.946911|-0.993043|-0.995898|-0.346913|-0.994089
4.196646|4.223716|4.190614|4.209157|4.216839
3.028286|3.032595|4.054152|2.722094|2.016098
3.362803|2.604053|3.566596|3.724416|4.002614
3.039475|2.012712|3.395141|4.227324|2.014842
4.070792|7.719721|-0.963302|-0.873125|4.238571
2.301215|2.323038|3.963692|0.626028|2.986507
2.429710|2.724134|-0.990768|3.170950|0.990352
2.007339|0.305882|0.899610|3.139476|-0.999922
-0.999932|-0.999999|-0.999999|-0.999999|-0.999999
-0.999999|-0.999999|-0.999999|-0.999999|-0.981245
-0.999999|-0.999999|-0.999999|-0.999999|-0.999999
-0.999999|-0.999999|-0.999999|-0.999999|-0.999999
3.810643|4.027828|3.752631|2.567894|3.445930
2.967156|1.941757|4.004848|1.942027|1.939027
2.969323|1.941715|1.976424|2.097131|4.000126
2.965529|1.939007|2.646744|4.000536|1.938753
2.997551|3.001873|-0.884907|0.046286|-0.096190
1.941258|-0.998481|2.968634|-0.316605|1.607610
2.043139|2.006172|-0.179354|0.835406|2.971951
1.938686|-0.984007|-0.741497|2.968253|-0.943708
-0.999999|-0.999999|-0.999999|-0.999999|-0.999999
-0.990825|-0.999798|-0.787776|-0.990000|-0.985969
-0.999999|-0.999999|-0.999999|-0.999999|-0.999999
-0.920795|-0.990057|-0.893361|-0.714831|-0.970015
2.991721|4.030544|2.460594|2.633197|2.000816
2.987382|2.965791|4.048514|2.228540|1.968558
3.148491|2.405095|2.152163|2.044333|4.009898
3.009721|1.995574|2.544230|4.037642|2.625216
2.513488|3.684883|-0.956904|0.802016|0.770677
1.894365|2.102304|2.889541|-0.991511|2.966600
2.232172|-0.798630|-0.993401|-0.990468|2.970775
1.986580|-0.015290|0.945591|3.105451|-0.701385
-0.830925|0.624782|-0.999999|-0.831463|-0.960910
-0.999999|-0.999999|-0.999999|-0.999999|-0.562320
-0.999999|-0.999999|-0.999999|-0.999999|-0.999999
-0.999999|-0.999999|-0.999999|-0.999999|-0.999999
0.000000|0.000000|0.000000|0.000000|0.000000
0.000000|0.000000|0.000000|0.000000|0.000000
0.000000|0.000000|0.000000|0.000000|0.000000
0.000000|0.000000|0.000000|0.000000|0.000000
0.404212|2.964049|-0.907672|-0.980694|-0.986287
0.000000|0.000000|0.000000|0.000000|0.000000
0.000000|0.000000|0.000000|0.000000|0.000000
0.000000|0.000000|0.000000|0.000000|0.000000
-0.999999|-0.999994|-0.999999|-0.999999|-0.999999
-0.999235|-0.999514|-0.624214|-0.987212|-0.985378
-0.999967|-0.792393|-0.999239|-0.994672|-0.920586
-0.998429|-0.999999|-0.909532|-0.933235|-0.999999
3.974528|4.000005|2.876460|3.246648|1.709485
0.000000|0.000000|0.000000|0.000000|0.000000
3.824298|2.553908|2.612868|3.419405|4.000005
3.058145|2.015105|2.646848|4.028929|2.130684
1.752531|0.432129|-0.999418|-0.065927|-0.630441
0.000000|0.000000|0.000000|0.000000|0.000000
2.324402|2.100023|-0.939223|0.842880|3.256793
2.000699|-0.999840|-0.999695|3.006495|-0.999989
-0.815555|-0.996924|-0.999999|-0.996962|-0.997133
-0.999999|-0.999999|-0.999999|-0.999999|-0.999999
-0.999785|-0.999775|-0.999769|-0.999772|-0.958865
-0.999999|-0.999999|-0.999999|-0.988153|-0.999999
0.176008|4.000005|2.030344|2.006296|2.084032
0.000000|0.000000|0.000000|0.000000|0.000000
0.000000|0.000000|0.000000|0.000000|0.000000
0.000000|0.000000|0.000000|0.000000|0.000000
0.764606|3.203757|-0.982282|-0.551183|-0.859349
0.000000|0.000000|0.000000|0.000000|0.000000
0.323279|2.964364|-0.993609|-0.746333|2.964097
0.000000|0.000000|0.000000|0.000000|0.000000
-0.991353|-0.802486|-0.999909|-0.995239|-0.998590
-0.999999|-0.999999|-0.999999|-0.999999|-0.999999
-0.999992|0.138382|-0.999992|-0.998580|-0.981201
-0.999999|-0.999999|-0.991132|-0.991059|-0.991233
-0.112490|4.000005|2.005587|2.005839|1.933637
0.000000|0.000000|0.000000|0.000000|0.000000
0.000000|0.000000|0.000000|0.000000|0.000000
0.000000|0.000000|0.000000|0.000000|0.000000
-0.672658|3.011588|-0.998252|0.369426|-0.759394
0.000000|0.000000|0.000000|0.000000|0.000000
0.380887|2.966558|-0.990077|-0.917793|3.102837
0.000000|0.000000|0.000000|0.000000|0.000000
-0.999614|-0.884184|-0.999999|-0.999602|-0.999652
-0.999999|-0.999973|-0.996137|-0.999974|-0.999971
-0.999752|-0.391288|-0.999083|-0.996745|-0.970458
-0.999999|-0.999999|-0.999920|-0.999922|-0.999998
0.000000|0.000000|0.000000|0.000000|0.000000
0.000000|0.000000|0.000000|0.000000|0.000000
0.000000|0.000000|0.000000|0.000000|0.000000
0.000000|0.000000|0.000000|0.000000|0.000000
1.956392|2.964058|-0.999096|-0.999842|-0.999163
1.939115|-0.996412|2.966891|-0.920784|-0.989622
0.000000|0.000000|0.000000|0.000000|0.000000
0.000000|0.000000|0.000000|0.000000|0.000000
-0.991288|-0.999122|-0.999999|-0.999999|-0.999999
-0.968758|-0.994361|-0.280209|-0.994864|-0.854757
-0.999990|-0.985663|-0.999991|-0.999991|-0.999947
-0.951098|-0.999324|-0.809405|-0.525024|-0.999750
2.725463|4.118368|-0.970112|2.725805|2.128112
2.921876|2.913576|4.154405|1.946699|1.937723
3.933116|2.656033|-0.161241|2.915189|4.000194
3.000785|2.007975|0.339841|4.019252|2.187727
1.035282|2.964408|-0.998383|-0.733652|-0.991893
2.311074|2.501692|3.578764|-0.598732|2.980346
2.626113|1.143824|-0.999128|-0.814096|3.119316
2.002122|-0.142721|0.106505|3.058281|-0.868152
-0.932128|1.419321|-0.990832|-0.780462|-0.787409
-0.999999|-0.999999|-0.999999|-0.999999|-0.999999
-0.999420|-0.360302|-0.999999|-0.992706|-0.922004
-0.999999|-0.999993|-0.990514|-0.990442|-0.999999
2.968809|4.000154|1.158362|2.230715|-0.458860
0.000000|0.000000|0.000000|0.000000|0.000000
0.000000|0.000000|0.000000|0.000000|0.000000
0.000000|0.000000|0.000000|0.000000|0.000000
2.737233|3.579748|-0.984254|-0.601650|-0.603785
0.000000|0.000000|0.000000|0.000000|0.000000
2.452061|2.964699|-0.994281|1.776345|0.415347
0.000000|0.000000|0.000000|0.000000|0.000000
-0.990077|-0.999962|-0.999999|-0.999960|-0.999960
-0.997968|-0.999999|-0.726452|-0.971202|-0.988921
-0.999892|-0.996333|-0.998087|-0.999928|-0.996171
-0.993042|-0.995179|-0.972295|-0.971779|-0.994357
2.982955|4.000005|0.247130|-0.284669|1.951330
0.000000|0.000000|0.000000|0.000000|0.000000
5.688888|1.617566|-0.842961|2.391103|4.025952
2.987593|1.996430|-0.999999|4.000446|2.590249
1.812488|3.101256|-0.999999|-0.654587|-0.470680
0.000000|0.000000|0.000000|0.000000|0.000000
2.280138|2.963149|-0.995257|-0.999846|2.997007
1.975460|-0.975662|-0.987844|3.026102|-0.983050
-0.984924|-0.259377|-0.999999|-0.984184|-0.992647
-0.999997|-0.999997|-0.953164|-0.999996|-0.999997
-0.999108|-0.908199|-0.999679|-0.999999|-0.988622
-0.999999|-0.999999|-0.999999|-0.961135|-0.999999
0.000000|0.000000|0.000000|0.000000|0.000000
0.000000|0.000000|0.000000|0.000000|0.000000
2.968391|1.942783|1.966244|1.998384|4.000041
2.966514|1.939615|2.490354|4.000005|1.971194
2.159625|3.175900|-0.999955|-0.998797|-0.995087
1.942733|-0.997742|2.964807|-0.988083|2.371537
1.955684|-0.993104|-0.996575|-0.999999|2.964007
1.940038|-0.996561|0.800920|2.965054|-0.899951
-0.999999|-0.999999|-0.999999|-0.999999|-0.999999
-0.998816|-0.999998|-0.999691|-0.994041|-0.057869
-0.999999|-0.998587|-0.999966|-0.988554|-0.885175
-0.998942|-0.999650|-0.999563|-0.963588|-0.999128
3.980665|4.000005|3.874370|3.991094|3.965961
3.026628|3.029065|4.072189|2.649793|2.013295
3.485185|2.792273|2.377214|3.763136|4.000005
3.086610|2.022782|3.429405|4.000005|2.024408
2.962228|3.029331|-0.984449|-0.800466|2.958844
2.405754|2.606069|4.874949|0.081756|2.985430
2.776510|2.920849|-0.950891|3.146386|5.834912
2.019978|0.550065|0.953703|3.460699|-0.918481
-0.999722|-0.999999|-0.999999|-0.999999|-0.999999
-0.999999|-0.999999|-0.999999|-0.999999|-0.999999
-0.999999|-0.999999|-0.999999|-0.999999|-0.999999
-0.999991|-0.998378|-0.993190|-0.993153|-0.999933
3.198764|4.000005|3.949593|2.524920|3.266990
0.000000|0.000000|0.000000|0.000000|0.000000
2.967859|1.942636|2.009015|2.096127|4.000021
2.966054|1.938901|3.115596|4.000005|1.939281
3.207591|3.258805|-0.896858|0.845392|-0.767850
1.942781|-0.999365|2.965749|-0.823135|1.893992
2.288830|2.609651|-0.991474|1.791073|2.989515
1.939225|-0.982687|-0.271132|2.964171|-0.944177
-0.999999|-0.999999|-0.999999|-0.999999|-0.999999
-0.999916|-0.997084|-0.999913|-0.999919|-0.186586
-0.999999|-0.997227|-0.999999|-0.967053|-0.999948
-0.995939|-0.998320|-0.999997|-0.928395|-0.999816
3.012569|4.000005|3.115244|2.108653|1.959610
2.994483|2.966518|4.037671|2.198420|1.973826
3.135514|2.243881|2.262255|2.245837|4.000005
3.020559|2.014337|3.737708|4.000005|2.843057
2.408295|3.153986|-0.999982|1.062382|0.627841
1.989097|2.255476|3.093525|-0.999999|2.972327
2.236354|-0.000059|-0.991227|-0.970621|3.025212
1.999104|0.783391|1.354202|3.023316|-0.233847
-0.957522|0.883809|-0.999999|-0.876944|-0.989391
-0.999999|-0.999999|-0.999844|-0.999998|-0.999993
-0.995437|-0.954845|-0.991693|-0.993763|-0.775674
-0.999999|-0.999999|-0.999999|-0.999999|-0.999999
0.000000|0.000000|0.000000|0.000000|0.000000
0.000000|0.000000|0.000000|0.000000|0.000000
0.000000|0.000000|0.000000|0.000000|0.000000
0.000000|0.000000|0.000000|0.000000|0.000000
-0.173377|2.967278|-0.977100|-0.981678|-0.998460
0.000000|0.000000|0.000000|0.000000|0.000000
0.000000|0.000000|0.000000|0.000000|0.000000
0.000000|0.000000|0.000000|0.000000|0.000000
-0.999998|-0.825359|-0.998684|-0.967853|-0.992652
-0.999999|-0.999999|-0.813585|-0.999997|-0.999997
-0.991452|-0.818055|-0.997208|-0.992966|-0.916229
-0.999999|-0.999999|-0.999987|-0.999999|-0.999999
0.000000|0.000000|0.000000|0.000000|0.000000
0.000000|0.000000|0.000000|0.000000|0.000000
3.826651|2.479806|2.431727|3.854330|4.026015
2.801391|1.891149|2.239118|4.043301|1.986581
1.595467|1.783856|-0.993642|1.560097|-0.686170
0.000000|0.000000|0.000000|0.000000|0.000000
2.333527|-0.652442|-0.945458|-0.921603|3.098891
1.843089|-0.969965|-0.976029|3.031676|-0.983258
-0.992816|-0.992638|-0.999629|-0.992732|-0.995424
-0.999999|-0.999999|-0.999999|-0.999999|-0.999999
-0.995098|-0.999535|-0.998832|-0.998480|-0.977327
-0.999999|-0.999995|-0.999999|-0.998412|-0.999999
0.000000|0.000000|0.000000|0.000000|0.000000
0.000000|0.000000|0.000000|0.000000|0.000000
0.000000|0.000000|0.000000|0.000000|0.000000
0.000000|0.000000|0.000000|0.000000|0.000000
0.125038|3.358589|-0.983854|1.064673|-0.999775
0.000000|0.000000|0.000000|0.000000|0.000000
2.039398|3.010855|-0.981374|-0.711794|2.974981
0.000000|0.000000|0.000000|0.000000|0.000000
-0.999991|-0.842879|-0.989038|-0.952719|-0.987900
-0.999999|-0.999999|-0.999999|-0.999999|-0.999999
-0.998803|-0.997622|-0.997613|-0.997720|-0.973743
-0.997536|-0.997559|-0.997556|-0.997534|-0.997615
0.000000|0.000000|0.000000|0.000000|0.000000
0.000000|0.000000|0.000000|0.000000|0.000000
0.000000|0.000000|0.000000|0.000000|0.000000
0.000000|0.000000|0.000000|0.000000|0.000000
0.168208|3.005647|-0.994342|1.222501|-0.895191
0.000000|0.000000|0.000000|0.000000|0.000000
0.293878|3.066737|-0.973467|-0.900970|3.109822
0.000000|0.000000|0.000000|0.000000|0.000000
-0.994886|-0.661559|-0.999316|-0.982474|-0.994009
-0.999999|-0.999999|-0.998502|-0.999999|-0.999999
-0.999869|-0.916974|-0.999063|-0.978375|-0.955066
-0.999998|-0.999998|-0.999998|-0.999998|-0.999998
0.000000|0.000000|0.000000|0.000000|0.000000
0.000000|0.000000|0.000000|0.000000|0.000000
0.000000|0.000000|0.000000|0.000000|0.000000
0.000000|0.000000|0.000000|0.000000|0.000000
1.945466|-0.920511|-0.920822|-0.940756|-0.916217
1.939873|-0.991950|2.967164|-0.978402|-0.996388
0.000000|0.000000|0.000000|0.000000|0.000000
0.000000|0.000000|0.000000|0.000000|0.000000
-0.999964|-0.989648|-0.999999|-0.999621|-0.999617
-0.994340|-0.999992|-0.489626|-0.999826|-0.969657
-0.997875|-0.991722|-0.999628|-0.999974|-0.997930
-0.975124|-0.999537|-0.975218|-0.975784|-0.999096
0.000000|0.000000|0.000000|0.000000|0.000000
0.000000|0.000000|0.000000|0.000000|0.000000
3.615449|2.675006|1.375172|3.941062|4.027551
2.943881|1.870023|1.013738|4.055850|1.956171
1.315360|2.986860|-0.995642|-0.197339|-0.958372
0.000000|0.000000|0.000000|0.000000|0.000000
3.016941|-0.212413|-0.948813|-0.706154|3.166157
1.988474|-0.994371|-0.967252|3.061870|-0.996910
-0.965548|-0.168880|-0.978805|-0.496586|-0.381646
-0.999999|-0.999999|-0.999999|-0.999999|-0.999999
-0.999824|-0.999967|-0.997055|-0.991190|-0.986743
-0.999241|-0.999999|-0.999252|-0.999241|-0.999999
0.000000|0.000000|0.000000|0.000000|0.000000
0.000000|0.000000|0.000000|0.000000|0.000000
0.000000|0.000000|0.000000|0.000000|0.000000
0.000000|0.000000|0.000000|0.000000|0.000000
2.495772|3.782664|-0.986830|1.408247|-0.977780
0.000000|0.000000|0.000000|0.000000|0.000000
1.840657|3.100847|-0.794774|0.741877|0.225552
0.000000|0.000000|0.000000|0.000000|0.000000
-0.935378|-0.897453|-0.999973|-0.784552|-0.990352
-0.999999|-0.999999|-0.996661|-0.999999|-0.999999
-0.998288|-0.917371|-0.982906|-0.984128|-0.981154
-0.994684|-0.997921|-0.997374|-0.997639|-0.998025
0.000000|0.000000|0.000000|0.000000|0.000000
0.000000|0.000000|0.000000|0.000000|0.000000
3.957807|2.237746|0.477169|2.440748|4.035962
2.914536|1.925348|0.770211|4.019717|2.042756
1.933280|2.990271|-0.999494|0.401613|-0.230784
0.000000|0.000000|0.000000|0.000000|0.000000
2.326161|0.323623|-0.999556|-0.999800|3.044667
1.877105|-0.972395|-0.980508|3.112138|-0.984780
-0.997804|-0.966201|-0.999995|-0.929227|-0.979411
-0.999999|-0.999999|-0.999999|-0.999999|-0.999999
-0.999695|-0.999108|-0.999108|-0.999124|-0.939497
-0.999999|-0.999999|-0.999999|-0.999999|-0.999999
3.007175|4.018681|2.972712|1.964236|1.940722
2.968459|1.940480|4.000005|1.943900|1.939269
2.964151|1.938813|1.940514|1.944813|4.000005
2.965939|1.940135|2.125880|4.004266|1.956604
2.039861|2.964170|2.103243|3.024123|-0.918866
1.941878|-0.965771|2.964335|-0.991197|-0.660952
1.950585|-0.104453|-0.427845|-0.999995|2.964016
1.938810|-0.982278|-0.087619|2.964334|-0.922511
-0.999999|-0.999999|-0.999999|-0.999999|-0.999999
-0.960967|-0.986997|-0.188524|-0.999951|-0.939378
-0.999999|-0.999999|-0.999999|-0.999999|-0.999999
-0.956548|-0.999900|-0.596742|-0.775760|-0.990959
0.000000|0.000000|0.000000|0.000000|0.000000
0.000000|0.000000|0.000000|0.000000|0.000000
3.944153|2.805387|2.711684|3.951947|4.000034
3.088844|2.008707|3.997679|4.082038|2.024756
4.256597|5.308340|-0.978541|-0.934150|-0.153615
0.000000|0.000000|0.000000|0.000000|0.000000
3.095208|-0.868581|-0.965478|-0.892623|3.386535
2.005188|-0.999646|-0.977206|3.057751|-0.999828
-0.999934|-0.999999|-0.999999|-0.999999|-0.999999
-0.999999|-0.999999|-0.999999|-0.999999|-0.999999
-0.999999|-0.999999|-0.999999|-0.999999|-0.999999
-0.995122|-0.999999|-0.994998|-0.935306|-0.989427
3.156395|4.012771|2.969540|2.123385|2.471078
2.966804|1.941784|4.004086|1.943067|1.939375
2.964717|1.939144|1.942913|1.960565|4.000005
2.965167|1.938305|2.649544|4.000237|1.938333
3.074754|3.553016|0.155507|2.338926|-0.862149
1.942141|-0.997113|2.982987|-0.173674|1.034017
1.975666|0.135816|-0.242020|-0.840056|2.964179
1.938589|-0.996889|0.229782|2.966053|-0.942977
-0.999999|-0.999999|-0.999999|-0.999999|-0.999999
-0.982063|-0.999834|-0.518043|-0.998299|-0.944040
-0.999999|-0.999999|-0.999999|-0.999999|-0.979416
-0.985555|-0.993025|-0.985942|-0.737220|-0.984570
0.000000|0.000000|0.000000|0.000000|0.000000
0.000000|0.000000|0.000000|0.000000|0.000000
3.148497|2.347035|2.135769|2.134808|4.000065
2.991721|1.975191|2.261906|4.027205|2.303370
4.026873|12.271904|-0.920194|1.521743|0.706077
0.000000|0.000000|0.000000|0.000000|0.000000
2.127641|-0.311151|-0.984105|-0.986503|2.989454
1.970322|-0.997895|-0.997415|3.141627|-0.996408
-0.969406|-0.997095|-0.998788|-0.875521|-0.996001
-0.999999|-0.999999|-0.999999|-0.999999|-0.999999
-0.999952|-0.997061|-0.996740|-0.996890|-0.862056
-0.999999|-0.999999|-0.999999|-0.999999|-0.999999
0.000000|0.000000|0.000000|0.000000|0.000000
0.000000|0.000000|0.000000|0.000000|0.000000
0.000000|0.000000|0.000000|0.000000|0.000000
0.000000|0.000000|0.000000|0.000000|0.000000
0.350780|2.973258|-0.957264|-0.994627|-0.999999
0.000000|0.000000|0.000000|0.000000|0.000000
0.000000|0.000000|0.000000|0.000000|0.000000
0.000000|0.000000|0.000000|0.000000|0.000000
-0.999999|-0.799530|-0.999999|-0.993942|-0.993157
-0.999997|-0.999997|-0.995254|-0.999654|-0.995799
-0.999940|-0.927586|-0.999151|-0.990364|-0.987520
-0.993893|-0.999687|-0.974944|-0.973670|-0.999712
3.119392|4.039576|2.287740|3.771449|2.198681
0.000000|0.000000|0.000000|0.000000|0.000000
1.449436|0.748566|1.455479|0.906835|4.071095
3.069409|2.040458|2.515129|4.000005|2.045580
1.837629|-0.571214|-0.999998|-0.523799|-0.995327
0.000000|0.000000|0.000000|0.000000|0.000000
2.212194|-0.761766|-0.980557|-0.911112|2.996713
2.042042|-0.999999|-0.999997|2.964145|-0.999999
-0.994336|-0.994397|-0.999999|-0.994320|-0.994774
-0.999999|-0.999999|-0.999999|-0.999999|-0.999999
-0.999999|-0.999999|-0.999999|-0.999999|-0.999999
-0.999999|-0.998960|-0.999999|-0.757876|-0.999999
0.341246|4.082635|2.286025|3.290320|2.277829
0.000000|0.000000|0.000000|0.000000|0.000000
0.000000|0.000000|0.000000|0.000000|0.000000
0.000000|0.000000|0.000000|0.000000|0.000000
0.271668|3.421553|-0.970232|1.373111|-0.998642
0.000000|0.000000|0.000000|0.000000|0.000000
0.805413|2.970653|-0.985152|-0.006030|2.973010
0.000000|0.000000|0.000000|0.000000|0.000000
-0.995684|-0.567330|-0.993343|-0.986687|-0.986172
-0.999999|-0.999999|-0.999999|-0.999999|-0.999999
-0.999919|-0.895629|-0.994526|-0.994271|-0.994754
-0.999740|-0.999733|-0.997068|-0.980283|-0.999830
0.241757|4.003096|1.992830|3.642438|1.896871
0.000000|0.000000|0.000000|0.000000|0.000000
0.000000|0.000000|0.000000|0.000000|0.000000
0.000000|0.000000|0.000000|0.000000|0.000000
-0.395170|3.047107|-0.999234|2.284905|-0.999243
0.000000|0.000000|0.000000|0.000000|0.000000
-0.026696|3.043499|-0.974915|-0.911241|3.062230
0.000000|0.000000|0.000000|0.000000|0.000000
-0.997478|-0.920308|-0.999986|-0.972359|-0.990569
-0.999999|-0.999999|-0.993284|-0.999999|-0.999999
-0.999995|-0.989508|-0.997940|-0.989929|-0.806234
-0.999771|-0.999751|-0.999504|-0.999490|-0.999634
0.000000|0.000000|0.000000|0.000000|0.000000
0.000000|0.000000|0.000000|0.000000|0.000000
0.000000|0.000000|0.000000|0.000000|0.000000
0.000000|0.000000|0.000000|0.000000|0.000000
1.965795|0.267567|-0.991230|-0.985460|-0.991242
1.942351|-0.995485|2.970597|-0.956511|-0.995169
0.000000|0.000000|0.000000|0.000000|0.000000
0.000000|0.000000|0.000000|0.000000|0.000000
-0.999991|-0.980559|-0.999999|-0.999990|-0.999990
-0.983209|-0.999872|-0.826540|-0.989583|-0.830282
-0.999999|-0.999999|-0.999999|-0.999999|-0.999999
-0.943776|-0.999717|-0.722793|-0.657768|-0.997042
3.990566|4.057700|-0.250651|3.949578|1.891738
3.032650|3.035015|4.008634|2.225104|1.988328
3.109787|2.645589|2.399630|2.978895|4.023175
3.092989|2.051136|1.385554|4.000005|2.032798
2.946578|2.995657|-0.856854|2.967760|-0.686015
1.909642|1.957789|2.582559|0.741461|2.975658
2.965785|0.093685|-0.965403|0.121693|3.370904
2.062478|-0.702149|-0.726204|2.967285|-0.999999
-0.953288|-0.363880|-0.988636|-0.717397|-0.269963
-0.999999|-0.999999|-0.999999|-0.999999|-0.999999
-0.999999|-0.999999|-0.999999|-0.999999|-0.999999
-0.999999|-0.996455|-0.992753|-0.615286|-0.999999
1.794655|4.081876|0.482816|1.820286|-0.836789
0.000000|0.000000|0.000000|0.000000|0.000000
0.000000|0.000000|0.000000|0.000000|0.000000
0.000000|0.000000|0.000000|0.000000|0.000000
2.472620|1.999860|-0.999638|-0.049351|-0.982301
0.000000|0.000000|0.000000|0.000000|0.000000
2.618830|3.062659|-0.961235|2.800247|-0.467626
0.000000|0.000000|0.000000|0.000000|0.000000
-0.997352|-0.801484|-0.999983|-0.997670|-0.997169
-0.999970|-0.999999|-0.997256|-0.999809|-0.999875
-0.999639|-0.771307|-0.999887|-0.999668|-0.999623
-0.989237|-0.999977|-0.957209|-0.956658|-0.999999
2.951434|4.007507|0.137366|0.740782|2.053954
0.000000|0.000000|0.000000|0.000000|0.000000
0.000000|0.000000|0.000000|0.000000|0.000000
2.986021|2.031052|0.528738|4.004007|2.024644
1.591083|2.982571|-0.997767|-0.388463|-0.998252
0.000000|0.000000|0.000000|0.000000|0.000000
2.555232|0.640022|-0.998080|-0.999455|3.289618
2.072617|-0.999985|-0.999999|2.975642|-0.999999
-0.988765|-0.954235|-0.999972|-0.953527|-0.980287
-0.999999|-0.999999|-0.999999|-0.999999|-0.999999
-0.999990|-0.997293|-0.999994|-0.999807|-0.997270
-0.999999|-0.999999|-0.999999|-0.631182|-0.999999
3.165858|4.000005|2.970295|2.120099|1.986473
2.967162|1.940649|4.000005|1.942598|1.939530
2.700124|1.763235|1.814648|2.649027|3.995893
2.964120|1.938734|2.345187|4.000005|1.938010
2.231398|2.964007|2.526228|2.909698|-0.999999
1.943049|-0.999145|2.968341|-0.800730|0.188919
1.961636|0.027474|-0.064833|-0.987628|2.964715
1.938377|-0.999532|-0.985259|2.964007|-0.990158
-0.999999|-0.999999|-0.999999|-0.999999|-0.999999
-0.997560|-0.999107|-0.509914|-0.997575|-0.924149
-0.999999|-0.999999|-0.999999|-0.999999|-0.999999
-0.983982|-0.999962|-0.984091|-0.273764|-0.998444
11.410923|19.433800|6.596255|14.851048|2.287418
3.029153|3.036325|4.001612|2.796757|2.040624
3.089223|2.697679|2.826910|3.006351|4.050817
3.131613|2.052101|3.318172|4.000005|2.100387
7.416696|7.421818|-0.946555|-0.638466|3.079648
2.522126|2.587951|4.568697|2.539255|2.988799
2.597151|2.564826|-0.968126|2.597166|1.163951
2.064622|-0.752423|-0.333472|2.964311|-0.999999
-0.999999|-0.999999|-0.999999|-0.999999|-0.999999
-0.999999|-0.999999|-0.999999|-0.999999|-0.999999
-0.999999|-0.999999|-0.999999|-0.999999|-0.999999
-0.999999|-0.999711|-0.993304|-0.617857|-0.999999
3.773403|4.003972|3.963424|2.748931|3.757112
2.967796|1.941288|4.000024|1.942641|1.939494
2.964406|1.938058|2.006958|2.949892|4.000001
2.965923|1.938949|3.029045|4.000005|1.939077
2.774010|2.967792|2.030914|2.915958|-0.955356
1.943019|-0.999923|2.973285|0.154739|0.320046
2.042132|2.724640|-0.982644|1.762319|2.964895
1.938765|-0.996934|-0.999645|2.964007|-0.992261
-0.999999|-0.999999|-0.999999|-0.999999|-0.999999
-0.988694|-0.997688|-0.988686|-0.999491|-0.667792
-0.999999|-0.999999|-0.999999|-0.999999|-0.999999
-0.974054|-0.999940|-0.999994|0.253432|-0.998687
2.974889|4.002148|2.070376|2.409777|2.044652
3.008685|3.032269|4.002414|2.781759|1.994761
0.000000|0.000000|0.000000|0.000000|0.000000
3.055862|2.038326|2.521616|4.000010|2.055806
2.811276|3.117192|-0.971471|-0.692093|-0.990249
1.789928|1.983863|2.871883|-0.977638|2.977562
2.165428|-0.655587|-0.984427|-0.995657|3.024133
2.060485|-0.643434|-0.614815|2.965135|-0.999999
-0.903166|-0.978651|-0.999804|-0.978667|-0.978637
-0.999999|-0.999999|-0.999999|-0.999999|-0.999999
-0.999964|-0.999963|-0.999963|-0.999963|-0.999963
-0.999999|-0.999999|-0.999125|-0.629322|-0.999999
0.000000|0.000000|0.000000|0.000000|0.000000
0.000000|0.000000|0.000000|0.000000|0.000000
0.000000|0.000000|0.000000|0.000000|0.000000
0.000000|0.000000|0.000000|0.000000|0.000000
0.412323|2.964084|-0.992921|-0.999023|-0.963275
0.000000|0.000000|0.000000|0.000000|0.000000
0.000000|0.000000|0.000000|0.000000|0.000000
0.000000|0.000000|0.000000|0.000000|0.000000
-0.998269|-0.344340|-0.999794|-0.999339|-0.991026
-0.999165|-0.999999|-0.970973|-0.995605|-0.995325
-0.999943|-0.960925|-0.999956|-0.999943|-0.999945
-0.999992|-0.999999|-0.999993|-0.999993|-0.999992
4.001745|4.007657|3.216616|3.991917|1.262962
0.000000|0.000000|0.000000|0.000000|0.000000
3.863075|2.933562|2.141303|3.962815|4.001823
2.416720|1.647468|1.477288|4.045386|2.320469
1.747364|-0.129894|-0.999999|-0.928126|-0.933270
0.000000|0.000000|0.000000|0.000000|0.000000
2.127340|-0.822506|-0.939062|-0.892924|3.016836
1.928928|-0.990462|-0.993000|3.202903|-0.994346
-0.997996|-0.985396|-0.999999|-0.990836|-0.990702
-0.999999|-0.999999|-0.999999|-0.999999|-0.999999
-0.999926|-0.999886|-0.999999|-0.999928|-0.999934
-0.999999|-0.999999|-0.999999|-0.999881|-0.999999
-0.847119|4.000239|1.961537|2.555157|2.041766
0.000000|0.000000|0.000000|0.000000|0.000000
0.000000|0.000000|0.000000|0.000000|0.000000
0.000000|0.000000|0.000000|0.000000|0.000000
-0.382966|4.658769|-0.960654|1.168636|-0.995274
0.000000|0.000000|0.000000|0.000000|0.000000
-0.264075|2.965955|-0.994563|-0.976647|2.980546
0.000000|0.000000|0.000000|0.000000|0.000000
-0.999999|-0.998756|-0.999329|-0.813742|-0.998793
-0.999870|-0.999872|-0.999871|-0.999869|-0.999871
-0.999898|-0.991898|-0.999777|-0.991874|-0.836318
-0.999999|-0.999999|-0.999999|-0.999999|-0.999999
-0.090381|4.004889|1.999504|2.590267|2.027465
0.000000|0.000000|0.000000|0.000000|0.000000
0.000000|0.000000|0.000000|0.000000|0.000000
0.000000|0.000000|0.000000|0.000000|0.000000
0.080621|2.985676|-0.996595|0.970941|-0.468455
0.000000|0.000000|0.000000|0.000000|0.000000
0.638825|3.005742|-0.996971|-0.955653|3.005306
0.000000|0.000000|0.000000|0.000000|0.000000
-0.990829|-0.772851|-0.997937|-0.997126|-0.989304
-0.999976|-0.999983|-0.972181|-0.999896|-0.999980
-0.999999|-0.902950|-0.999337|-0.969743|-0.536350
-0.999999|-0.999999|-0.999999|-0.999999|-0.999999
0.000000|0.000000|0.000000|0.000000|0.000000
0.000000|0.000000|0.000000|0.000000|0.000000
0.000000|0.000000|0.000000|0.000000|0.000000
0.000000|0.000000|0.000000|0.000000|0.000000
1.990341|0.386304|-0.893867|-0.876651|-0.877753
1.936877|-0.999628|2.966673|-0.945262|-0.998296
0.000000|0.000000|0.000000|0.000000|0.000000
0.000000|0.000000|0.000000|0.000000|0.000000
-0.998055|-0.999794|-0.999999|-0.999815|-0.999807
-0.961358|-0.999999|-0.420307|-0.983487|-0.905516
-0.999995|-0.999995|-0.999970|-0.999995|-0.999995
-0.995378|-0.999999|-0.970432|-0.995304|-0.999681
3.356752|4.106482|-0.337168|2.535999|1.463394
3.001251|3.010214|4.005409|2.521849|1.981975
3.361361|2.987494|1.609721|3.594813|4.011020
2.993460|1.176191|0.933134|2.370605|1.406121
0.814731|2.991801|-0.755272|1.792523|-0.747192
2.325361|2.454167|3.106752|-0.997078|2.967555
2.941262|-0.996170|-0.960576|-0.884148|3.051821
2.003093|-0.299268|0.052226|3.069228|-0.799025
-0.961263|-0.057726|-0.932380|-0.745924|-0.254402
-0.999999|-0.999102|-0.994082|-0.999999|-0.947877
-0.991566|-0.999954|-0.998195|-0.991463|-0.799055
-0.999997|-0.999999|-0.999997|-0.999997|-0.999999
2.940406|4.090013|0.886645|2.621070|-0.803606
0.000000|0.000000|0.000000|0.000000|0.000000
0.000000|0.000000|0.000000|0.000000|0.000000
0.000000|0.000000|0.000000|0.000000|0.000000
3.055393|5.159729|-0.982495|-0.049331|-0.979771
0.000000|0.000000|0.000000|0.000000|0.000000
0.766633|3.468315|-0.609656|-0.661601|-0.471762
0.000000|0.000000|0.000000|0.000000|0.000000
-0.991655|-0.869150|-0.998654|-0.991471|-0.991424
-0.997443|-0.999999|-0.991292|-0.995858|-0.999999
-0.993264|-0.630716|-0.993258|-0.993266|-0.993270
-0.999312|-0.999308|-0.999319|-0.999308|-0.999337
2.982869|4.007120|0.524050|0.596273|2.060835
0.000000|0.000000|0.000000|0.000000|0.000000
3.890823|2.260161|0.427077|2.167861|4.004667
2.903968|1.810625|0.411636|4.037518|2.753377
1.626957|2.978736|-0.999740|0.272713|0.489782
0.000000|0.000000|0.000000|0.000000|0.000000
2.230055|-0.854864|-0.999909|-0.999997|3.053713
1.940449|-0.989484|-0.988865|3.070504|-0.983050
-0.960223|-0.593260|-0.999999|-0.941351|-0.969791
-0.999999|-0.999999|-0.999999|-0.999999|-0.999999
-0.999491|-0.999977|-0.999990|-0.999999|-0.503560
-0.999999|-0.999999|-0.999999|-0.999999|-0.999999
2.967100|4.000005|2.979295|1.953721|1.939737
2.966440|1.942865|4.000145|1.942834|1.939349
2.964240|1.938936|1.940544|1.948440|4.000005
2.962469|1.937753|1.949475|4.007871|2.967194
1.951078|2.975853|1.655969|2.556684|1.653333
1.941600|-0.993454|2.964007|-0.996024|2.881528
1.946380|0.590506|0.256229|-0.999999|2.964007
1.939784|-0.981567|0.239633|2.964210|-0.508379
-0.999999|-0.999999|-0.999999|-0.999999|-0.999999
-0.998176|-0.995650|-0.149564|-0.999875|1.011240
-0.999999|-0.895055|-0.999999|-0.999999|-0.999841
-0.958343|-0.997373|-0.932271|-0.458285|-0.987667
10.474339|12.386755|6.412843|12.304001|2.220039
3.014302|3.026368|4.010254|2.329640|2.001630
3.614668|2.427546|2.465802|3.187457|4.006960
0.000000|0.000000|0.000000|0.000000|0.000000
4.016860|4.013247|-0.904949|-0.602367|3.911268
2.202773|2.715213|3.134594|-0.999985|2.977475
2.309908|0.978589|-0.989150|1.464129|2.593821
2.006548|0.259823|0.476426|3.151340|-0.947336
-0.999999|-0.999999|-0.999999|-0.999999|-0.999999
-0.999999|-0.999999|-0.979892|-0.999999|-0.808659
-0.999999|-0.999999|-0.999999|-0.999999|-0.999999
-0.999999|-0.999999|-0.999999|-0.999999|-0.999999
3.148836|4.000005|3.666404|2.598244|2.672030
2.964983|1.939270|4.000084|1.939461|1.938034
2.964669|1.939001|1.943248|1.965548|4.000005
0.000000|0.000000|0.000000|0.000000|0.000000
3.486571|3.482295|-0.724313|2.431248|-0.712295
1.939995|-0.996351|2.964007|-0.990735|2.865749
1.961484|0.287417|-0.194928|-0.999999|2.964007
1.938913|-0.983540|-0.833495|2.964638|-0.968673
-0.999999|-0.999999|-0.999999|-0.999999|-0.999999
-0.994991|-0.998599|-0.523448|-0.999819|0.849673
-0.999999|-0.993394|-0.999975|-0.999999|-0.457896
-0.948651|-0.993815|-0.902907|-0.115334|-0.931710
2.995680|4.013071|3.560354|2.147732|2.005567
3.017339|3.015805|4.000024|2.100052|1.986076
2.982556|2.140265|2.006519|2.091423|4.000005
3.026429|1.986423|2.843693|4.010222|2.960995
2.148957|2.989869|-0.999991|1.636013|0.801061
1.991802|2.360429|3.038239|-0.999999|2.964954
2.013451|-0.913004|-0.997826|-0.999985|2.964007
1.988948|0.061821|0.806421|3.063065|-0.157645
-0.942041|0.138171|-0.999999|-0.955245|-0.991487
-0.999999|-0.999999|-0.999999|-0.999999|-0.999999
-0.999999|-0.999999|-0.999999|-0.999999|-0.999999
-0.999999|-0.999999|-0.999999|-0.999999|-0.999999
