0.000000|0.000000|0.000000|0.000000|0.000000
0.000000|0.000000|0.000000|0.000000|0.000000
0.000000|0.000000|0.000000|0.000000|0.000000
0.000000|0.000000|0.000000|0.000000|0.000000
0.000000|0.000000|0.000000|0.000000|0.000000
0.000000|0.000000|0.000000|0.000000|0.000000
0.000000|0.000000|0.000000|0.000000|0.000000
0.000000|0.000000|0.000000|0.000000|0.000000
132.443420|136.941071|133.102264|132.813202|136.601440
0.000000|0.000000|0.000000|0.000000|0.000000
133.695267|143.067215|133.524323|133.804749|133.462067
0.000000|0.000000|0.000000|0.000000|0.000000
0.000000|0.000000|0.000000|0.000000|0.000000
0.000000|0.000000|0.000000|0.000000|0.000000
131.497665|145.574036|127.201721|132.158157|130.629730
0.000000|0.000000|0.000000|0.000000|0.000000
0.000000|0.000000|0.000000|0.000000|0.000000
0.000000|0.000000|0.000000|0.000000|0.000000
0.000000|0.000000|0.000000|0.000000|0.000000
0.000000|0.000000|0.000000|0.000000|0.000000
118.339874|147.139191|111.682999|116.025879|118.949883
0.000000|0.000000|0.000000|0.000000|0.000000
145.864471|146.184326|147.537476|147.395065|147.116653
0.000000|0.000000|0.000000|0.000000|0.000000
107.468811|135.476044|107.951469|109.736191|110.734314
0.000000|0.000000|0.000000|0.000000|0.000000
0.000000|0.000000|0.000000|0.000000|0.000000
0.000000|0.000000|0.000000|0.000000|0.000000
0.000000|0.000000|0.000000|0.000000|0.000000
0.000000|0.000000|0.000000|0.000000|0.000000
0.000000|0.000000|0.000000|0.000000|0.000000
0.000000|0.000000|0.000000|0.000000|0.000000
0.000000|0.000000|0.000000|0.000000|0.000000
0.000000|0.000000|0.000000|0.000000|0.000000
134.795990|146.520782|134.687988|135.796295|135.206146
0.000000|0.000000|0.000000|0.000000|0.000000
112.596268|139.336456|116.482918|118.317825|114.027893
0.000000|0.000000|0.000000|0.000000|0.000000
0.000000|0.000000|0.000000|0.000000|0.000000
0.000000|0.000000|0.000000|0.000000|0.000000
0.000000|0.000000|0.000000|0.000000|0.000000
0.000000|0.000000|0.000000|0.000000|0.000000
0.000000|0.000000|0.000000|0.000000|0.000000
0.000000|0.000000|0.000000|0.000000|0.000000
105.086578|144.753052|109.225067|107.883820|105.511925
0.000000|0.000000|0.000000|0.000000|0.000000
136.642731|138.252182|136.539169|136.494690|136.686279
0.000000|0.000000|0.000000|0.000000|0.000000
0.000000|0.000000|0.000000|0.000000|0.000000
0.000000|0.000000|0.000000|0.000000|0.000000
0.000000|0.000000|0.000000|0.000000|0.000000
0.000000|0.000000|0.000000|0.000000|0.000000
133.812561|107.432800|106.828888|106.941895|109.512497
0.000000|0.000000|0.000000|0.000000|0.000000
0.000000|0.000000|0.000000|0.000000|0.000000
0.000000|0.000000|0.000000|0.000000|0.000000
132.472382|132.439056|132.471710|130.772095|133.001556
0.000000|0.000000|0.000000|0.000000|0.000000
131.525406|131.718536|131.381714|134.049271|131.276230
0.000000|0.000000|0.000000|0.000000|0.000000
0.000000|0.000000|0.000000|0.000000|0.000000
0.000000|0.000000|0.000000|0.000000|0.000000
0.000000|0.000000|0.000000|0.000000|0.000000
0.000000|0.000000|0.000000|0.000000|0.000000
138.080200|144.549042|133.746902|135.574646|128.639618
144.012543|139.978363|140.975510|146.726685|141.820892
138.919098|138.965149|138.553833|139.142166|149.363358
141.712799|155.229721|141.834824|142.122314|142.448288
0.000000|0.000000|0.000000|0.000000|0.000000
138.901993|139.728897|140.071838|138.170532|155.320999
145.593262|146.405701|137.152481|145.029541|146.388824
0.000000|0.000000|0.000000|0.000000|0.000000
0.000000|0.000000|0.000000|0.000000|0.000000
0.000000|0.000000|0.000000|0.000000|0.000000
0.000000|0.000000|0.000000|0.000000|0.000000
0.000000|0.000000|0.000000|0.000000|0.000000
112.409142|136.368027|106.834702|111.509109|107.985596
0.000000|0.000000|0.000000|0.000000|0.000000
120.209000|145.567978|115.680183|119.568634|117.932526
0.000000|0.000000|0.000000|0.000000|0.000000
130.567703|135.708191|130.247742|130.372375|130.343002
0.000000|0.000000|0.000000|0.000000|0.000000
134.934830|132.201447|129.497009|131.232834|130.805756
0.000000|0.000000|0.000000|0.000000|0.000000
0.000000|0.000000|0.000000|0.000000|0.000000
0.000000|0.000000|0.000000|0.000000|0.000000
0.000000|0.000000|0.000000|0.000000|0.000000
0.000000|0.000000|0.000000|0.000000|0.000000
130.731018|147.839233|131.655701|133.515366|133.274597
0.000000|0.000000|0.000000|0.000000|0.000000
138.088715|140.598572|141.567993|147.842072|141.146698
108.855606|141.812775|92.609268|100.665726|102.742310
116.107086|138.076141|114.453171|111.234375|120.728546
0.000000|0.000000|0.000000|0.000000|0.000000
138.362610|145.506165|135.286865|137.109772|136.796600
0.000000|0.000000|0.000000|0.000000|0.000000
0.000000|0.000000|0.000000|0.000000|0.000000
0.000000|0.000000|0.000000|0.000000|0.000000
0.000000|0.000000|0.000000|0.000000|0.000000
0.000000|0.000000|0.000000|0.000000|0.000000
127.750229|136.395401|129.072922|129.555588|127.691948
0.000000|0.000000|0.000000|0.000000|0.000000
0.000000|0.000000|0.000000|0.000000|0.000000
0.000000|0.000000|0.000000|0.000000|0.000000
130.976685|131.012634|131.969269|131.008179|131.034195
0.000000|0.000000|0.000000|0.000000|0.000000
133.890198|137.624390|133.125778|132.999542|132.962021
0.000000|0.000000|0.000000|0.000000|0.000000
157.000549|159.352478|156.675323|154.963409|154.640350
146.718765|154.432190|140.047913|154.286377|148.051666
146.688904|139.930847|141.112244|140.770584|140.849991
149.410446|149.156677|149.209824|145.369415|147.092529
139.213074|139.855118|134.845108|137.615234|153.374313
143.296631|143.132309|143.540771|145.092789|142.775085
143.134247|151.214539|144.504623|142.190704|145.113480
0.000000|0.000000|0.000000|0.000000|0.000000
142.716003|146.551514|140.780365|141.119507|140.825989
142.931641|140.275528|141.736084|140.977692|144.456360
136.817261|136.777252|142.294846|136.526093|136.330017
152.304871|151.928894|150.030884|161.082520|152.266235
0.000000|0.000000|0.000000|0.000000|0.000000
0.000000|0.000000|0.000000|0.000000|0.000000
0.000000|0.000000|0.000000|0.000000|0.000000
0.000000|0.000000|0.000000|0.000000|0.000000
0.000000|0.000000|0.000000|0.000000|0.000000
0.000000|0.000000|0.000000|0.000000|0.000000
0.000000|0.000000|0.000000|0.000000|0.000000
0.000000|0.000000|0.000000|0.000000|0.000000
129.172012|134.074280|129.082611|129.171417|129.077286
0.000000|0.000000|0.000000|0.000000|0.000000
134.835098|138.287720|133.961029|133.820450|134.868134
0.000000|0.000000|0.000000|0.000000|0.000000
136.803375|142.934616|136.657654|136.748138|137.035767
152.186066|161.129211|145.149551|151.004730|149.515198
147.729462|147.532990|143.885315|147.556931|147.548401
154.909882|141.326767|139.327484|141.288361|140.505157
137.842957|144.540970|136.564957|139.373169|138.466003
141.117447|140.775238|139.634644|139.743454|151.840942
138.987274|140.604034|138.707123|139.795990|151.243958
147.063782|150.459488|145.719147|157.320511|145.584885
144.037048|134.665161|133.507629|134.387833|134.567078
138.628510|137.064636|137.793793|136.198425|145.855286
136.196533|138.204956|136.586349|137.635437|147.784012
143.215973|157.838333|142.307495|145.831665|142.294693
0.000000|0.000000|0.000000|0.000000|0.000000
0.000000|0.000000|0.000000|0.000000|0.000000
0.000000|0.000000|0.000000|0.000000|0.000000
0.000000|0.000000|0.000000|0.000000|0.000000
0.000000|0.000000|0.000000|0.000000|0.000000
0.000000|0.000000|0.000000|0.000000|0.000000
0.000000|0.000000|0.000000|0.000000|0.000000
0.000000|0.000000|0.000000|0.000000|0.000000
131.952881|142.242142|131.566284|133.684387|131.990234
0.000000|0.000000|0.000000|0.000000|0.000000
135.707870|135.889374|135.704788|135.561905|135.733215
0.000000|0.000000|0.000000|0.000000|0.000000
138.192993|141.971329|131.441406|141.684692|141.844177
0.000000|0.000000|0.000000|0.000000|0.000000
144.944717|149.841217|141.829926|144.394089|144.869965
137.086533|139.432495|135.882416|135.255325|132.733704
0.000000|0.000000|0.000000|0.000000|0.000000
0.000000|0.000000|0.000000|0.000000|0.000000
0.000000|0.000000|0.000000|0.000000|0.000000
0.000000|0.000000|0.000000|0.000000|0.000000
125.270676|144.825180|117.789108|126.944611|124.637222
0.000000|0.000000|0.000000|0.000000|0.000000
145.883057|146.422531|143.013153|146.406876|146.400452
0.000000|0.000000|0.000000|0.000000|0.000000
133.709229|142.354187|129.228729|133.429565|137.436951
0.000000|0.000000|0.000000|0.000000|0.000000
0.000000|0.000000|0.000000|0.000000|0.000000
0.000000|0.000000|0.000000|0.000000|0.000000
0.000000|0.000000|0.000000|0.000000|0.000000
0.000000|0.000000|0.000000|0.000000|0.000000
0.000000|0.000000|0.000000|0.000000|0.000000
0.000000|0.000000|0.000000|0.000000|0.000000
132.464233|138.181442|132.313660|132.679779|131.888901
0.000000|0.000000|0.000000|0.000000|0.000000
137.134933|138.697113|137.387543|137.294464|137.491287
0.000000|0.000000|0.000000|0.000000|0.000000
123.642906|142.869461|116.646759|121.916519|125.587219
0.000000|0.000000|0.000000|0.000000|0.000000
0.000000|0.000000|0.000000|0.000000|0.000000
0.000000|0.000000|0.000000|0.000000|0.000000
0.000000|0.000000|0.000000|0.000000|0.000000
0.000000|0.000000|0.000000|0.000000|0.000000
0.000000|0.000000|0.000000|0.000000|0.000000
0.000000|0.000000|0.000000|0.000000|0.000000
137.374603|139.327850|137.345444|136.445190|137.304153
0.000000|0.000000|0.000000|0.000000|0.000000
135.619690|144.304932|132.125977|134.459991|135.551361
0.000000|0.000000|0.000000|0.000000|0.000000
0.000000|0.000000|0.000000|0.000000|0.000000
0.000000|0.000000|0.000000|0.000000|0.000000
0.000000|0.000000|0.000000|0.000000|0.000000
0.000000|0.000000|0.000000|0.000000|0.000000
143.328430|117.330933|110.326675|116.643219|113.442726
0.000000|0.000000|0.000000|0.000000|0.000000
0.000000|0.000000|0.000000|0.000000|0.000000
0.000000|0.000000|0.000000|0.000000|0.000000
115.234299|139.188019|117.958176|110.526833|112.190781
0.000000|0.000000|0.000000|0.000000|0.000000
134.819962|139.914597|134.367584|134.542938|133.801453
0.000000|0.000000|0.000000|0.000000|0.000000
0.000000|0.000000|0.000000|0.000000|0.000000
0.000000|0.000000|0.000000|0.000000|0.000000
0.000000|0.000000|0.000000|0.000000|0.000000
0.000000|0.000000|0.000000|0.000000|0.000000
147.163239|135.604034|142.024384|145.711533|135.852020
154.848114|144.868408|145.207764|144.619019|144.810593
146.989502|145.487534|143.707825|142.112701|151.927917
0.000000|0.000000|0.000000|0.000000|0.000000
0.000000|0.000000|0.000000|0.000000|0.000000
142.098816|141.508926|140.854492|140.502808|154.393097
146.124573|149.431717|141.437958|146.308960|146.409393
0.000000|0.000000|0.000000|0.000000|0.000000
0.000000|0.000000|0.000000|0.000000|0.000000
0.000000|0.000000|0.000000|0.000000|0.000000
0.000000|0.000000|0.000000|0.000000|0.000000
0.000000|0.000000|0.000000|0.000000|0.000000
137.871002|129.321243|119.640190|124.733841|120.678345
0.000000|0.000000|0.000000|0.000000|0.000000
141.906677|148.241516|142.104309|141.875519|142.051498
0.000000|0.000000|0.000000|0.000000|0.000000
128.630203|135.574112|128.695953|128.753723|128.937927
0.000000|0.000000|0.000000|0.000000|0.000000
135.341339|142.264160|134.742889|135.175064|137.776947
0.000000|0.000000|0.000000|0.000000|0.000000
0.000000|0.000000|0.000000|0.000000|0.000000
0.000000|0.000000|0.000000|0.000000|0.000000
0.000000|0.000000|0.000000|0.000000|0.000000
0.000000|0.000000|0.000000|0.000000|0.000000
130.738647|140.490433|129.921448|136.557922|128.417084
0.000000|0.000000|0.000000|0.000000|0.000000
138.997406|146.749725|137.718430|138.862793|139.337219
0.000000|0.000000|0.000000|0.000000|0.000000
119.019356|138.819611|116.153015|117.009338|123.826065
0.000000|0.000000|0.000000|0.000000|0.000000
137.607819|147.575485|135.346222|135.948059|137.896332
0.000000|0.000000|0.000000|0.000000|0.000000
0.000000|0.000000|0.000000|0.000000|0.000000
0.000000|0.000000|0.000000|0.000000|0.000000
0.000000|0.000000|0.000000|0.000000|0.000000
0.000000|0.000000|0.000000|0.000000|0.000000
134.299103|140.261169|134.268005|133.955627|134.348053
0.000000|0.000000|0.000000|0.000000|0.000000
0.000000|0.000000|0.000000|0.000000|0.000000
0.000000|0.000000|0.000000|0.000000|0.000000
132.696564|143.838425|132.754593|132.783157|132.800537
0.000000|0.000000|0.000000|0.000000|0.000000
135.374939|131.652740|131.874420|131.832489|131.917892
0.000000|0.000000|0.000000|0.000000|0.000000
157.845886|160.822464|155.229019|156.914703|155.562973
148.724396|159.268158|139.097321|146.076324|144.143112
148.460327|139.486511|139.397644|138.742661|138.738083
149.413071|149.234344|149.061493|149.203827|149.683807
150.915009|145.779175|143.476349|145.368393|140.417938
146.709183|142.611526|141.784088|142.534027|142.556442
145.523163|146.511353|142.071014|155.669601|146.660507
0.000000|0.000000|0.000000|0.000000|0.000000
138.278809|138.327713|136.989166|138.250031|143.110596
146.964508|139.702271|141.563629|139.037735|140.644333
139.491440|141.537323|141.839478|146.687943|143.701279
151.056671|155.745239|144.689865|156.186035|150.605072
0.000000|0.000000|0.000000|0.000000|0.000000
0.000000|0.000000|0.000000|0.000000|0.000000
0.000000|0.000000|0.000000|0.000000|0.000000
0.000000|0.000000|0.000000|0.000000|0.000000
0.000000|0.000000|0.000000|0.000000|0.000000
0.000000|0.000000|0.000000|0.000000|0.000000
0.000000|0.000000|0.000000|0.000000|0.000000
0.000000|0.000000|0.000000|0.000000|0.000000
0.000000|0.000000|0.000000|0.000000|0.000000
0.000000|0.000000|0.000000|0.000000|0.000000
135.311371|140.453735|134.923981|135.308533|135.430038
0.000000|0.000000|0.000000|0.000000|0.000000
135.810089|143.138504|135.268982|135.149109|134.875946
154.911514|158.625412|144.401978|148.084137|147.827988
144.444534|144.076874|138.727814|142.246613|144.140900
145.954849|146.114151|140.939850|145.370987|145.645538
136.604858|145.967316|139.383957|140.158722|138.674805
148.436417|148.486328|148.462952|147.187683|146.948074
144.394470|144.885345|144.104736|144.952301|150.732697
155.210602|150.642029|153.646210|157.851013|155.036652
143.862244|133.843994|132.947571|133.386017|133.629242
145.573303|145.037476|144.999710|143.420746|145.055725
134.559601|141.937073|134.014954|134.834976|136.213776
157.485962|157.475159|148.269104|157.493042|157.439667
0.000000|0.000000|0.000000|0.000000|0.000000
0.000000|0.000000|0.000000|0.000000|0.000000
0.000000|0.000000|0.000000|0.000000|0.000000
0.000000|0.000000|0.000000|0.000000|0.000000
0.000000|0.000000|0.000000|0.000000|0.000000
0.000000|0.000000|0.000000|0.000000|0.000000
0.000000|0.000000|0.000000|0.000000|0.000000
0.000000|0.000000|0.000000|0.000000|0.000000
111.377472|141.717850|121.998718|114.767548|119.181641
0.000000|0.000000|0.000000|0.000000|0.000000
133.503510|142.475677|133.308456|133.569183|133.588852
0.000000|0.000000|0.000000|0.000000|0.000000
137.496796|141.181442|124.356812|141.873093|140.103104
0.000000|0.000000|0.000000|0.000000|0.000000
137.196671|144.695953|130.912292|135.936829|135.420807
127.274414|143.814423|129.707092|130.550018|133.111496
0.000000|0.000000|0.000000|0.000000|0.000000
0.000000|0.000000|0.000000|0.000000|0.000000
0.000000|0.000000|0.000000|0.000000|0.000000
0.000000|0.000000|0.000000|0.000000|0.000000
124.292542|154.172775|113.666374|122.956001|122.491264
0.000000|0.000000|0.000000|0.000000|0.000000
136.186707|136.654724|136.330750|137.082031|144.667358
0.000000|0.000000|0.000000|0.000000|0.000000
127.413826|139.676605|118.412933|120.207886|123.016907
0.000000|0.000000|0.000000|0.000000|0.000000
0.000000|0.000000|0.000000|0.000000|0.000000
0.000000|0.000000|0.000000|0.000000|0.000000
0.000000|0.000000|0.000000|0.000000|0.000000
0.000000|0.000000|0.000000|0.000000|0.000000
0.000000|0.000000|0.000000|0.000000|0.000000
0.000000|0.000000|0.000000|0.000000|0.000000
112.070328|139.497879|107.987900|107.508942|112.437897
0.000000|0.000000|0.000000|0.000000|0.000000
137.296356|148.146637|138.682770|148.361389|140.771606
0.000000|0.000000|0.000000|0.000000|0.000000
110.577087|143.990204|111.364838|113.531265|116.825836
0.000000|0.000000|0.000000|0.000000|0.000000
0.000000|0.000000|0.000000|0.000000|0.000000
0.000000|0.000000|0.000000|0.000000|0.000000
0.000000|0.000000|0.000000|0.000000|0.000000
0.000000|0.000000|0.000000|0.000000|0.000000
0.000000|0.000000|0.000000|0.000000|0.000000
0.000000|0.000000|0.000000|0.000000|0.000000
125.810219|141.273499|121.373947|119.544632|130.573517
0.000000|0.000000|0.000000|0.000000|0.000000
137.659760|145.022964|136.683319|136.308411|138.560089
0.000000|0.000000|0.000000|0.000000|0.000000
0.000000|0.000000|0.000000|0.000000|0.000000
0.000000|0.000000|0.000000|0.000000|0.000000
0.000000|0.000000|0.000000|0.000000|0.000000
0.000000|0.000000|0.000000|0.000000|0.000000
135.155182|110.336250|107.041481|104.248215|111.164902
0.000000|0.000000|0.000000|0.000000|0.000000
0.000000|0.000000|0.000000|0.000000|0.000000
0.000000|0.000000|0.000000|0.000000|0.000000
133.310699|133.335754|133.317261|131.034637|133.508820
0.000000|0.000000|0.000000|0.000000|0.000000
130.549774|130.490738|130.420868|136.430267|130.465515
0.000000|0.000000|0.000000|0.000000|0.000000
0.000000|0.000000|0.000000|0.000000|0.000000
0.000000|0.000000|0.000000|0.000000|0.000000
0.000000|0.000000|0.000000|0.000000|0.000000
0.000000|0.000000|0.000000|0.000000|0.000000
149.896927|148.318359|148.956100|150.476868|147.233551
154.329147|147.972351|148.110046|147.903015|148.044479
139.796249|140.319061|139.517517|140.154419|150.320038
143.636230|154.863556|132.711243|139.188919|143.901428
0.000000|0.000000|0.000000|0.000000|0.000000
139.139435|145.135681|138.901093|139.086075|139.691040
136.759125|136.782776|134.597778|136.951416|150.303131
0.000000|0.000000|0.000000|0.000000|0.000000
0.000000|0.000000|0.000000|0.000000|0.000000
0.000000|0.000000|0.000000|0.000000|0.000000
0.000000|0.000000|0.000000|0.000000|0.000000
0.000000|0.000000|0.000000|0.000000|0.000000
127.866409|109.977707|108.122833|107.823265|107.886124
0.000000|0.000000|0.000000|0.000000|0.000000
122.854950|140.766754|116.161201|124.391724|120.033646
0.000000|0.000000|0.000000|0.000000|0.000000
0.000000|0.000000|0.000000|0.000000|0.000000
0.000000|0.000000|0.000000|0.000000|0.000000
143.858261|138.147766|137.404617|137.875870|135.748718
0.000000|0.000000|0.000000|0.000000|0.000000
0.000000|0.000000|0.000000|0.000000|0.000000
0.000000|0.000000|0.000000|0.000000|0.000000
0.000000|0.000000|0.000000|0.000000|0.000000
0.000000|0.000000|0.000000|0.000000|0.000000
139.322479|139.727448|131.054123|131.386414|136.477295
0.000000|0.000000|0.000000|0.000000|0.000000
136.909943|149.224152|136.441742|138.499329|138.335358
93.165047|106.921051|98.694649|102.805695|138.060089
117.327606|127.372345|113.713852|121.081055|142.754990
0.000000|0.000000|0.000000|0.000000|0.000000
136.169754|148.146210|133.737213|135.640640|136.792419
0.000000|0.000000|0.000000|0.000000|0.000000
0.000000|0.000000|0.000000|0.000000|0.000000
0.000000|0.000000|0.000000|0.000000|0.000000
0.000000|0.000000|0.000000|0.000000|0.000000
0.000000|0.000000|0.000000|0.000000|0.000000
126.471710|139.228577|125.204498|121.328690|120.987762
0.000000|0.000000|0.000000|0.000000|0.000000
0.000000|0.000000|0.000000|0.000000|0.000000
0.000000|0.000000|0.000000|0.000000|0.000000
131.412598|136.447754|131.410767|131.519257|130.309311
0.000000|0.000000|0.000000|0.000000|0.000000
133.480118|135.343048|133.460861|133.440536|133.471741
0.000000|0.000000|0.000000|0.000000|0.000000
145.660461|145.517242|145.677490|145.759262|147.729202
148.681122|159.650360|146.764496|149.631363|148.594559
141.909882|141.794434|141.849518|146.281845|141.475723
0.000000|0.000000|0.000000|0.000000|0.000000
145.826614|157.404434|140.503296|142.166473|145.774994
152.766907|144.882050|145.522430|146.186005|145.641251
144.428558|158.289246|144.392426|144.046616|144.698074
0.000000|0.000000|0.000000|0.000000|0.000000
144.582092|135.911865|132.576385|135.036301|133.968018
140.204865|139.473785|139.300125|138.182312|147.214401
137.044067|137.665314|137.502502|143.010773|136.056580
0.000000|0.000000|0.000000|0.000000|0.000000
0.000000|0.000000|0.000000|0.000000|0.000000
0.000000|0.000000|0.000000|0.000000|0.000000
0.000000|0.000000|0.000000|0.000000|0.000000
0.000000|0.000000|0.000000|0.000000|0.000000
0.000000|0.000000|0.000000|0.000000|0.000000
0.000000|0.000000|0.000000|0.000000|0.000000
0.000000|0.000000|0.000000|0.000000|0.000000
0.000000|0.000000|0.000000|0.000000|0.000000
128.901154|137.786407|128.888885|129.173401|129.013718
0.000000|0.000000|0.000000|0.000000|0.000000
133.315079|137.070267|133.809464|134.439331|134.145355
0.000000|0.000000|0.000000|0.000000|0.000000
145.671326|139.904816|134.996475|137.362488|138.210938
144.127701|146.459625|144.292450|144.258347|144.298553
151.198593|136.641052|135.808533|136.122711|136.142532
141.988251|148.463440|138.563995|138.525055|138.829834
137.828049|153.718781|138.884399|138.385101|138.476501
142.114624|142.017639|142.189178|141.979889|146.498871
135.442474|145.938904|135.563080|135.391602|135.853394
142.911652|158.794312|143.118774|143.641266|143.531433
143.228271|134.926758|133.822449|134.210510|134.389069
146.232239|138.979263|137.731323|137.494629|139.361389
134.638306|134.273163|134.444214|143.403076|134.332977
145.737030|157.546127|144.919022|144.954880|145.317795
0.000000|0.000000|0.000000|0.000000|0.000000
0.000000|0.000000|0.000000|0.000000|0.000000
0.000000|0.000000|0.000000|0.000000|0.000000
0.000000|0.000000|0.000000|0.000000|0.000000
0.000000|0.000000|0.000000|0.000000|0.000000
0.000000|0.000000|0.000000|0.000000|0.000000
0.000000|0.000000|0.000000|0.000000|0.000000
0.000000|0.000000|0.000000|0.000000|0.000000
106.694534|132.924881|109.669434|106.477997|108.145248
0.000000|0.000000|0.000000|0.000000|0.000000
133.328171|142.472916|132.549805|133.415558|133.284271
0.000000|0.000000|0.000000|0.000000|0.000000
119.264893|151.494965|113.542084|121.422661|118.150322
0.000000|0.000000|0.000000|0.000000|0.000000
118.402466|148.510071|118.988449|121.118324|118.154762
102.197479|135.236206|87.780106|98.024323|100.489441
0.000000|0.000000|0.000000|0.000000|0.000000
0.000000|0.000000|0.000000|0.000000|0.000000
0.000000|0.000000|0.000000|0.000000|0.000000
0.000000|0.000000|0.000000|0.000000|0.000000
105.400993|144.608582|101.156937|108.948318|108.646027
0.000000|0.000000|0.000000|0.000000|0.000000
139.366272|145.862030|138.801117|142.119720|141.176086
0.000000|0.000000|0.000000|0.000000|0.000000
108.596191|143.777191|110.722183|114.281570|114.851868
0.000000|0.000000|0.000000|0.000000|0.000000
0.000000|0.000000|0.000000|0.000000|0.000000
0.000000|0.000000|0.000000|0.000000|0.000000
0.000000|0.000000|0.000000|0.000000|0.000000
0.000000|0.000000|0.000000|0.000000|0.000000
0.000000|0.000000|0.000000|0.000000|0.000000
0.000000|0.000000|0.000000|0.000000|0.000000
103.887703|128.459396|105.661942|104.017593|111.618179
0.000000|0.000000|0.000000|0.000000|0.000000
133.929260|148.803741|134.488419|134.442078|134.585541
0.000000|0.000000|0.000000|0.000000|0.000000
108.491699|129.887161|107.400406|107.245056|109.898514
0.000000|0.000000|0.000000|0.000000|0.000000
0.000000|0.000000|0.000000|0.000000|0.000000
0.000000|0.000000|0.000000|0.000000|0.000000
0.000000|0.000000|0.000000|0.000000|0.000000
0.000000|0.000000|0.000000|0.000000|0.000000
0.000000|0.000000|0.000000|0.000000|0.000000
0.000000|0.000000|0.000000|0.000000|0.000000
110.152428|143.397324|105.899879|110.059631|115.388710
0.000000|0.000000|0.000000|0.000000|0.000000
134.461456|142.851410|134.477997|134.877075|134.771698
0.000000|0.000000|0.000000|0.000000|0.000000
0.000000|0.000000|0.000000|0.000000|0.000000
0.000000|0.000000|0.000000|0.000000|0.000000
0.000000|0.000000|0.000000|0.000000|0.000000
0.000000|0.000000|0.000000|0.000000|0.000000
117.037422|102.649170|103.418045|102.759079|105.801468
0.000000|0.000000|0.000000|0.000000|0.000000
0.000000|0.000000|0.000000|0.000000|0.000000
0.000000|0.000000|0.000000|0.000000|0.000000
118.872345|131.149536|113.313309|106.111649|106.467422
0.000000|0.000000|0.000000|0.000000|0.000000
129.956284|137.369202|130.506927|129.757339|130.262207
0.000000|0.000000|0.000000|0.000000|0.000000
0.000000|0.000000|0.000000|0.000000|0.000000
0.000000|0.000000|0.000000|0.000000|0.000000
0.000000|0.000000|0.000000|0.000000|0.000000
0.000000|0.000000|0.000000|0.000000|0.000000
149.665024|149.578751|142.599731|150.075195|135.862427
124.173477|120.422791|119.202965|152.673569|124.367607
143.026978|143.249573|143.016342|142.929779|152.770508
114.478943|126.013084|115.963196|142.100128|120.432510
0.000000|0.000000|0.000000|0.000000|0.000000
137.663910|138.344757|137.492279|137.215973|149.576202
146.091431|145.604889|137.361755|143.463638|146.198639
0.000000|0.000000|0.000000|0.000000|0.000000
0.000000|0.000000|0.000000|0.000000|0.000000
0.000000|0.000000|0.000000|0.000000|0.000000
0.000000|0.000000|0.000000|0.000000|0.000000
0.000000|0.000000|0.000000|0.000000|0.000000
115.517738|103.312241|101.323532|105.401093|103.339417
0.000000|0.000000|0.000000|0.000000|0.000000
111.224998|140.663879|107.007553|105.389832|105.454468
0.000000|0.000000|0.000000|0.000000|0.000000
119.033592|105.485077|104.970284|106.322372|107.104515
0.000000|0.000000|0.000000|0.000000|0.000000
132.620026|139.937042|133.138580|133.538116|132.396332
0.000000|0.000000|0.000000|0.000000|0.000000
0.000000|0.000000|0.000000|0.000000|0.000000
0.000000|0.000000|0.000000|0.000000|0.000000
0.000000|0.000000|0.000000|0.000000|0.000000
0.000000|0.000000|0.000000|0.000000|0.000000
122.791954|145.077728|117.937767|117.097038|115.522240
0.000000|0.000000|0.000000|0.000000|0.000000
142.616943|148.602158|141.033813|142.095490|143.506622
0.000000|0.000000|0.000000|0.000000|0.000000
110.114662|99.366974|83.119614|90.925789|93.488113
0.000000|0.000000|0.000000|0.000000|0.000000
136.196991|147.941238|135.097626|135.654663|136.256561
0.000000|0.000000|0.000000|0.000000|0.000000
0.000000|0.000000|0.000000|0.000000|0.000000
0.000000|0.000000|0.000000|0.000000|0.000000
0.000000|0.000000|0.000000|0.000000|0.000000
0.000000|0.000000|0.000000|0.000000|0.000000
111.632660|139.914032|108.339111|112.508743|111.318481
0.000000|0.000000|0.000000|0.000000|0.000000
0.000000|0.000000|0.000000|0.000000|0.000000
0.000000|0.000000|0.000000|0.000000|0.000000
128.024155|134.452576|126.606979|124.280548|123.161324
0.000000|0.000000|0.000000|0.000000|0.000000
133.480286|135.490799|133.526154|133.484207|133.495117
0.000000|0.000000|0.000000|0.000000|0.000000
158.383484|160.607849|158.418152|157.580414|156.994843
154.808868|158.249191|142.304932|145.104584|149.443420
139.269867|149.235168|139.215393|139.253662|139.912292
151.480423|150.662323|151.263092|151.119415|151.242188
149.487198|158.374924|143.215363|145.612030|151.733429
143.102936|150.930939|143.048828|142.569672|142.851685
156.239899|148.694641|149.655716|157.839691|152.272003
0.000000|0.000000|0.000000|0.000000|0.000000
144.172256|147.435089|142.947220|142.948761|139.994690
140.955414|142.392029|142.882416|142.241211|153.713455
136.445679|144.428101|139.064362|139.347168|139.854553
154.677551|156.303314|146.980789|156.300415|152.690964
0.000000|0.000000|0.000000|0.000000|0.000000
0.000000|0.000000|0.000000|0.000000|0.000000
0.000000|0.000000|0.000000|0.000000|0.000000
0.000000|0.000000|0.000000|0.000000|0.000000
0.000000|0.000000|0.000000|0.000000|0.000000
0.000000|0.000000|0.000000|0.000000|0.000000
0.000000|0.000000|0.000000|0.000000|0.000000
0.000000|0.000000|0.000000|0.000000|0.000000
105.860794|133.404572|106.997437|105.568504|109.878342
0.000000|0.000000|0.000000|0.000000|0.000000
134.110428|138.131073|133.893753|134.034546|134.140854
0.000000|0.000000|0.000000|0.000000|0.000000
135.866959|142.791504|135.264587|135.580536|135.609955
160.079742|160.179031|145.372086|153.111145|152.584976
144.720551|143.583084|139.169037|143.439377|147.304260
140.900299|150.872284|136.977203|136.728729|137.112061
135.061676|150.947464|135.573242|135.557495|135.203812
144.710999|144.954330|142.923004|143.248444|153.119019
136.074524|136.212524|135.901215|136.084488|147.716156
142.913712|150.506683|143.345795|159.372620|146.277924
133.838074|133.402710|132.371582|133.067810|133.590149
137.438782|137.811752|136.949829|136.576935|145.667786
145.697540|134.855606|134.495956|134.465118|134.348434
147.190491|147.615295|145.614792|160.569016|146.596436
0.000000|0.000000|0.000000|0.000000|0.000000
0.000000|0.000000|0.000000|0.000000|0.000000
0.000000|0.000000|0.000000|0.000000|0.000000
0.000000|0.000000|0.000000|0.000000|0.000000
0.000000|0.000000|0.000000|0.000000|0.000000
0.000000|0.000000|0.000000|0.000000|0.000000
0.000000|0.000000|0.000000|0.000000|0.000000
0.000000|0.000000|0.000000|0.000000|0.000000
130.202225|136.419083|130.071411|129.986053|129.988831
0.000000|0.000000|0.000000|0.000000|0.000000
133.324783|142.559937|133.222290|133.534973|133.206390
0.000000|0.000000|0.000000|0.000000|0.000000
132.607620|138.227448|128.256073|130.122864|128.298920
0.000000|0.000000|0.000000|0.000000|0.000000
142.709839|155.732391|141.673340|142.013062|140.640427
129.298355|140.330399|133.971100|130.636627|124.462616
0.000000|0.000000|0.000000|0.000000|0.000000
0.000000|0.000000|0.000000|0.000000|0.000000
0.000000|0.000000|0.000000|0.000000|0.000000
0.000000|0.000000|0.000000|0.000000|0.000000
121.546875|150.931885|111.239059|125.770828|120.371368
0.000000|0.000000|0.000000|0.000000|0.000000
146.322586|142.079529|143.798706|138.090118|146.612244
0.000000|0.000000|0.000000|0.000000|0.000000
126.100815|137.316467|125.482132|128.074890|130.513748
0.000000|0.000000|0.000000|0.000000|0.000000
0.000000|0.000000|0.000000|0.000000|0.000000
0.000000|0.000000|0.000000|0.000000|0.000000
0.000000|0.000000|0.000000|0.000000|0.000000
0.000000|0.000000|0.000000|0.000000|0.000000
0.000000|0.000000|0.000000|0.000000|0.000000
0.000000|0.000000|0.000000|0.000000|0.000000
130.444458|138.110153|131.295746|131.520660|131.665863
0.000000|0.000000|0.000000|0.000000|0.000000
137.218399|149.910095|135.996017|141.253021|136.572632
0.000000|0.000000|0.000000|0.000000|0.000000
123.507629|137.588593|124.082275|124.747238|123.058762
0.000000|0.000000|0.000000|0.000000|0.000000
0.000000|0.000000|0.000000|0.000000|0.000000
0.000000|0.000000|0.000000|0.000000|0.000000
0.000000|0.000000|0.000000|0.000000|0.000000
0.000000|0.000000|0.000000|0.000000|0.000000
0.000000|0.000000|0.000000|0.000000|0.000000
0.000000|0.000000|0.000000|0.000000|0.000000
135.172134|135.544739|134.089294|135.292023|134.824402
0.000000|0.000000|0.000000|0.000000|0.000000
134.815613|145.176895|134.791153|134.922943|135.128159
0.000000|0.000000|0.000000|0.000000|0.000000
0.000000|0.000000|0.000000|0.000000|0.000000
0.000000|0.000000|0.000000|0.000000|0.000000
0.000000|0.000000|0.000000|0.000000|0.000000
0.000000|0.000000|0.000000|0.000000|0.000000
138.346298|112.321510|111.763687|109.266541|114.842468
0.000000|0.000000|0.000000|0.000000|0.000000
0.000000|0.000000|0.000000|0.000000|0.000000
0.000000|0.000000|0.000000|0.000000|0.000000
128.691010|129.340103|130.691360|134.328384|132.463501
0.000000|0.000000|0.000000|0.000000|0.000000
130.097595|137.616165|130.065872|130.125854|130.027832
0.000000|0.000000|0.000000|0.000000|0.000000
0.000000|0.000000|0.000000|0.000000|0.000000
0.000000|0.000000|0.000000|0.000000|0.000000
0.000000|0.000000|0.000000|0.000000|0.000000
0.000000|0.000000|0.000000|0.000000|0.000000
131.570038|150.999603|126.665962|129.245590|135.872818
152.166687|146.428467|146.568604|146.966782|149.218933
144.614807|145.116547|144.790192|143.170822|150.076019
142.434082|158.978912|141.950989|142.534454|142.767578
0.000000|0.000000|0.000000|0.000000|0.000000
143.090942|144.175797|143.300446|142.404694|156.118668
147.512482|142.744598|142.443451|138.132889|149.625732
0.000000|0.000000|0.000000|0.000000|0.000000
0.000000|0.000000|0.000000|0.000000|0.000000
0.000000|0.000000|0.000000|0.000000|0.000000
0.000000|0.000000|0.000000|0.000000|0.000000
0.000000|0.000000|0.000000|0.000000|0.000000
143.037170|123.028267|116.478363|123.413399|120.179085
0.000000|0.000000|0.000000|0.000000|0.000000
115.182877|146.440536|112.479752|114.327240|122.224670
0.000000|0.000000|0.000000|0.000000|0.000000
134.779175|138.840912|132.958740|134.135284|135.028229
0.000000|0.000000|0.000000|0.000000|0.000000
139.120148|146.199356|138.217438|136.289719|135.149506
0.000000|0.000000|0.000000|0.000000|0.000000
0.000000|0.000000|0.000000|0.000000|0.000000
0.000000|0.000000|0.000000|0.000000|0.000000
0.000000|0.000000|0.000000|0.000000|0.000000
0.000000|0.000000|0.000000|0.000000|0.000000
137.192429|144.977798|137.005524|137.107788|137.202759
0.000000|0.000000|0.000000|0.000000|0.000000
148.931732|148.854675|148.917511|148.881683|155.101822
107.605469|136.430649|102.539909|107.682159|108.946556
139.749725|118.729523|114.183487|112.048737|122.879684
0.000000|0.000000|0.000000|0.000000|0.000000
144.174622|146.462616|136.568100|140.282013|142.407089
0.000000|0.000000|0.000000|0.000000|0.000000
0.000000|0.000000|0.000000|0.000000|0.000000
0.000000|0.000000|0.000000|0.000000|0.000000
0.000000|0.000000|0.000000|0.000000|0.000000
0.000000|0.000000|0.000000|0.000000|0.000000
135.056702|140.260681|134.991913|130.223816|135.086884
0.000000|0.000000|0.000000|0.000000|0.000000
0.000000|0.000000|0.000000|0.000000|0.000000
0.000000|0.000000|0.000000|0.000000|0.000000
130.830872|141.059341|130.916718|131.003189|132.697510
0.000000|0.000000|0.000000|0.000000|0.000000
133.360107|135.507599|133.344772|133.329178|133.262238
0.000000|0.000000|0.000000|0.000000|0.000000
158.745300|157.492157|154.598541|152.600662|151.612686
146.547379|159.794464|145.583313|146.198395|146.002991
147.122803|139.384521|139.093567|139.261505|139.131897
149.290009|148.938309|148.560699|148.614853|151.319199
144.008759|158.426605|143.419220|138.533127|144.392990
140.920456|140.931381|140.153992|139.283325|155.398468
150.220703|153.053314|143.534149|152.100800|145.639618
0.000000|0.000000|0.000000|0.000000|0.000000
142.998749|131.194641|131.408112|131.486084|131.180817
142.081696|141.609070|144.586823|141.107086|141.754730
137.490143|141.861450|138.243576|155.949402|144.523010
151.085312|153.903595|148.229767|154.619476|148.704575
0.000000|0.000000|0.000000|0.000000|0.000000
0.000000|0.000000|0.000000|0.000000|0.000000
0.000000|0.000000|0.000000|0.000000|0.000000
0.000000|0.000000|0.000000|0.000000|0.000000
0.000000|0.000000|0.000000|0.000000|0.000000
0.000000|0.000000|0.000000|0.000000|0.000000
0.000000|0.000000|0.000000|0.000000|0.000000
0.000000|0.000000|0.000000|0.000000|0.000000
129.532776|129.649658|129.316208|134.228210|129.257660
0.000000|0.000000|0.000000|0.000000|0.000000
129.388977|135.129333|128.292358|129.103363|129.051437
0.000000|0.000000|0.000000|0.000000|0.000000
143.546188|143.559357|139.238892|139.815216|146.179611
154.799591|157.014313|146.495270|154.895386|154.795319
147.901855|145.464111|143.919983|145.541626|145.493408
145.783554|145.758484|137.471069|140.596619|141.881348
138.421371|146.352753|138.292374|137.349762|138.685974
146.940994|147.369217|144.733917|146.014221|158.545715
141.983032|145.631744|145.730133|145.333939|154.631287
147.809708|154.921341|148.350403|152.952972|148.133057
143.248657|134.044388|133.751877|133.813278|134.231934
143.057434|144.741180|140.539307|144.051407|147.104172
144.246674|139.252808|136.623596|138.230347|139.190964
150.243256|156.967438|141.106354|148.087646|149.739594
