0.000000|0.000000|0.000000|0.000000|0.000000
0.000000|0.000000|0.000000|0.000000|0.000000
0.000000|0.000000|0.000000|0.000000|0.000000
-0.797847|3.929509|3.681736|4.102043|3.230858
0.884956|38.342445|-0.367690|0.972492|1.162800
0.000000|0.000000|0.000000|0.000000|0.000000
0.000000|0.000000|0.000000|0.000000|0.000000
0.000000|0.000000|0.000000|0.000000|0.000000
-0.512290|26.276939|-0.501884|-0.327497|-0.133340
-0.201380|-0.280525|0.436527|-0.243446|-0.203996
-0.954004|-0.913755|-0.853567|0.002023|-0.820369
-0.496104|-0.496417|-0.494984|-0.500146|-0.489919
0.000000|0.000000|0.000000|0.000000|0.000000
0.000000|0.000000|0.000000|0.000000|0.000000
23.537106|9.983486|12.234532|4.871345|45.581497
0.000000|0.000000|0.000000|0.000000|0.000000
3.781034|3.362206|2.421639|0.951643|1.028473
1.334128|0.680239|6.863239|0.223883|1.854064
0.000000|0.000000|0.000000|0.000000|0.000000
0.000000|0.000000|0.000000|0.000000|0.000000
-0.989145|-0.955518|-0.953178|-0.954249|0.133539
-0.733947|-0.704169|-0.668169|-0.585892|-0.680571
-0.808596|-0.814299|-0.808475|-0.810458|9.437172
-0.210497|-0.048433|-0.217009|-0.219083|-0.671562
-0.927808|19.789108|2.679277|3.960895|3.135139
0.000000|0.000000|0.000000|0.000000|0.000000
0.000000|0.000000|0.000000|0.000000|0.000000
0.000000|0.000000|0.000000|0.000000|0.000000
0.000000|0.000000|0.000000|0.000000|0.000000
0.000000|0.000000|0.000000|0.000000|0.000000
3.295561|1.592410|2.008505|2.671893|4.510691
0.000000|0.000000|0.000000|0.000000|0.000000
-0.859552|40.123901|2.752201|0.867549|2.650970
0.201995|0.753558|22.226215|0.265116|0.401548
-0.310456|0.017787|-0.769420|-0.604464|9.240988
-0.787275|-0.713555|-0.706249|-0.712572|-0.847328
0.000000|0.000000|0.000000|0.000000|0.000000
-0.996392|4.272490|4.736617|4.533767|3.593163
0.000000|0.000000|0.000000|0.000000|0.000000
0.000000|0.000000|0.000000|0.000000|0.000000
0.000000|0.000000|0.000000|0.000000|0.000000
0.000000|0.000000|0.000000|0.000000|0.000000
0.000000|0.000000|0.000000|0.000000|0.000000
1.887703|-0.736270|1.797800|7.088641|-0.734557
-0.406888|0.821503|1.196414|-0.194581|5.420072
-0.961595|-0.902463|-0.722076|-0.904523|-0.964258
-0.992053|-0.959519|-0.964570|-0.962407|-0.482334
-0.038904|0.000624|-0.011831|-0.035762|-0.017886
3.499733|5.962628|1.375230|3.982494|-0.849273
0.000000|0.000000|0.000000|0.000000|0.000000
0.000000|0.000000|0.000000|0.000000|0.000000
3.989849|-0.698618|2.806038|4.846699|2.650297
3.022704|1.826508|-0.571040|1.323561|0.212024
2.914645|2.531254|3.117244|0.686884|1.175243
5.066029|6.425914|1.251310|1.354150|-0.550232
2.529383|0.597755|0.384800|-0.918316|0.393797
-0.030872|21.788845|-0.546794|0.001957|-0.016363
-0.254428|-0.249166|2.006188|-0.230027|-0.538867
-0.735724|-0.015395|-0.659238|-0.964141|-0.665846
-0.428367|-0.415816|-0.418356|0.402406|-0.424694
4.984134|5.564116|5.126936|5.506539|4.625649
4.171708|2.704975|4.604302|-0.808913|3.406304
43.073151|3.390050|-0.450482|4.707141|5.081160
0.000000|0.000000|0.000000|0.000000|0.000000
4.026990|28.294075|0.066802|4.024368|2.962066
2.668565|0.115544|2.916342|0.011905|0.910680
2.865966|3.293764|0.734530|0.160232|-0.518744
3.628271|1.901903|3.659275|-0.454635|2.691719
-0.999977|-0.371601|-0.999939|-0.999977|-0.999966
-0.458760|-0.560493|2.603408|-0.426311|-0.433016
-0.580083|-0.995478|-0.615899|25.390293|-0.684922
-0.907857|-0.482157|-0.783514|-0.789122|-0.793846
3.685047|4.761930|1.575380|4.055696|-0.920411
0.000000|0.000000|0.000000|0.000000|0.000000
43.439568|4.252097|-0.881101|4.744417|6.529912
0.000000|0.000000|0.000000|0.000000|0.000000
3.833619|-0.933832|0.353947|-0.266653|0.237792
5.767467|1.251047|-0.625456|1.538675|3.526295
5.464770|2.254655|1.188398|0.505146|4.168896
0.000000|0.000000|0.000000|0.000000|0.000000
1.963881|-0.604396|-0.201671|-0.774107|-0.239643
-0.076070|1.402367|-0.474948|-0.618569|-0.298693
-0.130304|34.694332|-0.122325|-0.134196|-0.137909
-0.975021|-0.969376|1.103704|-0.968127|-0.972970
0.000000|0.000000|0.000000|0.000000|0.000000
4.126932|2.634844|4.768692|-0.826555|3.452277
0.000000|0.000000|0.000000|0.000000|0.000000
4.092556|-0.857804|4.580494|4.148443|2.785523
5.092667|4.860661|-0.739739|0.861593|0.512943
3.147626|0.628648|-0.843519|0.468665|0.611009
0.000000|0.000000|0.000000|0.000000|0.000000
2.109132|0.758747|1.549314|3.206645|0.227394
-0.726460|0.219846|-0.696939|-0.727250|-0.698059
-0.943240|-0.898547|-0.345852|-0.915612|-0.975780
-0.789048|-0.788903|-0.887278|-0.797006|-0.737470
-0.641004|-0.644322|-0.537608|3.972062|-0.582132
4.444979|4.188356|4.122695|4.192557|3.714989
3.207446|2.381803|4.055705|2.398612|2.157231
4.315233|3.032099|4.434195|4.343583|4.354241
3.000530|2.008168|2.125868|17.464657|1.977417
1.274491|4.760484|-0.485769|0.154553|1.857393
2.871177|2.469461|2.982093|1.557687|1.409719
4.026835|0.749600|-0.017450|0.585776|5.079282
1.361683|-0.194577|-0.263843|4.909657|-0.141482
-0.879500|19.033234|-0.950754|-0.497183|-0.745256
-0.999999|-0.309248|16.344311|-0.753920|-0.790388
-0.999999|0.518643|-0.982783|-0.963751|-0.959179
-0.999985|-0.951953|-0.994254|1.257367|-0.999716
4.636840|46.807949|4.609296|4.197618|4.634751
5.552403|5.442855|5.529119|4.915525|5.555152
4.973568|3.716887|4.464809|2.337310|5.204269
4.867786|4.710652|4.722771|4.926412|4.745815
-0.653168|-0.784413|-0.976989|-0.319271|2.845184
2.401127|0.423969|37.366135|-0.328820|0.562109
0.450079|0.475314|-0.768503|-0.626321|34.508163
6.497149|0.008840|6.549911|6.524612|6.521222
-0.999999|-0.376507|-0.999993|-0.165102|26.429602
0.018374|-0.136267|-0.186477|9.976995|-0.924052
35.302128|41.295341|27.525904|33.201206|31.579409
-0.999999|-0.999999|-0.999999|10.337816|-0.999796
4.326907|5.022047|4.109210|6.105865|3.655564
3.359641|2.645561|4.827700|2.564171|2.441790
4.188576|2.888850|4.652726|4.094397|4.646040
0.000000|0.000000|0.000000|0.000000|0.000000
1.555181|14.948217|-0.884783|-0.838519|2.165473
2.801936|2.341166|2.969232|1.890847|0.980132
4.297975|2.724413|1.265928|1.104512|9.823989
1.974119|0.474240|-0.829863|19.920059|0.328176
-0.732316|23.487366|-0.979834|-0.766318|-0.999658
0.036156|-0.531626|0.075368|0.234611|27.855179
-0.999988|32.516819|-0.999531|-0.190395|-0.999999
-0.662679|15.461258|-0.922204|-0.319771|-0.915768
4.942173|4.067169|3.662130|3.948803|5.216079
5.573947|5.557610|5.555653|5.552281|5.506566
0.000000|0.000000|0.000000|0.000000|0.000000
5.032717|5.049351|5.028889|5.019690|4.962649
4.929947|3.866488|-0.052535|9.385296|4.939813
2.261464|0.159336|7.823143|-0.653192|-0.221552
4.184097|0.267352|-0.522267|0.459280|5.467305
1.894489|-0.017556|0.723504|3.010488|0.713070
-0.998777|-0.998773|-0.999244|-0.826505|-0.999253
-0.274766|0.548546|-0.804825|-0.004999|-0.754519
0.051512|-0.207585|-0.058323|-0.039548|1.228279
-0.999999|-0.999984|-0.999999|3.362566|-0.999628
0.000000|0.000000|0.000000|0.000000|0.000000
0.000000|0.000000|0.000000|0.000000|0.000000
42.187702|5.543129|5.557218|4.133682|5.398118
-0.999749|2.928627|2.211608|4.032561|3.219537
0.491390|4.920740|-0.529676|1.524912|1.083324
0.000000|0.000000|0.000000|0.000000|0.000000
4.443887|4.412545|-0.762421|2.237167|4.750740
0.000000|0.000000|0.000000|0.000000|0.000000
0.079331|-0.383977|0.264534|23.111361|0.289243
-0.101896|-0.258727|2.324202|-0.300719|-0.157926
-0.860669|-0.437025|-0.448658|-0.818205|-0.958241
-0.974503|-0.973993|-0.974102|0.211971|-0.975080
0.000000|0.000000|0.000000|0.000000|0.000000
0.000000|0.000000|0.000000|0.000000|0.000000
-0.937083|3.946489|4.503025|0.776097|8.219129
3.600800|2.454531|2.523559|4.676019|2.353208
14.224669|44.757309|21.393147|26.041769|22.361057
0.940572|0.125329|21.499641|0.120072|3.091248
0.000000|0.000000|0.000000|0.000000|0.000000
3.011688|-0.882407|3.639277|4.228907|-0.098316
-0.859172|-0.343103|-0.327898|-0.629639|32.260998
-0.531369|1.160579|-0.888386|-0.998811|-0.863646
-0.984580|-0.984898|-0.984609|30.402473|-0.996528
-0.751751|-0.540866|-0.751716|-0.746460|-0.766167
1.112741|33.742500|2.637434|3.972149|3.105742
0.000000|0.000000|0.000000|0.000000|0.000000
0.000000|0.000000|0.000000|0.000000|0.000000
0.000000|0.000000|0.000000|0.000000|0.000000
0.000000|0.000000|0.000000|0.000000|0.000000
3.598919|1.372631|5.405988|2.091737|5.589110
4.343001|0.399340|2.306870|2.045262|5.655839
0.000000|0.000000|0.000000|0.000000|0.000000
-0.602174|1.643707|0.462554|0.496864|32.467464
-0.615030|10.590248|-0.608735|-0.745374|-0.598691
-0.667668|-0.447301|-0.860874|-0.481179|-0.853927
-0.991607|-0.992371|-0.993513|-0.127332|-0.994783
3.906486|4.299081|2.617954|39.817635|3.760085
0.000000|0.000000|0.000000|0.000000|0.000000
0.000000|0.000000|0.000000|0.000000|0.000000
0.000000|0.000000|0.000000|0.000000|0.000000
3.204510|3.082422|-0.894570|4.180038|-0.660309
0.000000|0.000000|0.000000|0.000000|0.000000
0.000000|0.000000|0.000000|0.000000|0.000000
0.499795|-0.836423|3.045714|15.082458|-0.835399
17.995274|43.336906|7.788348|7.771954|25.632963
-0.349799|-0.861844|-0.897231|-0.985923|-0.980791
-0.790424|-0.787214|-0.787885|-0.788846|9.194222
-0.558490|-0.734640|-0.882952|-0.860508|-0.959071
3.422447|15.408422|1.286394|3.925688|-0.604328
0.000000|0.000000|0.000000|0.000000|0.000000
0.000000|0.000000|0.000000|0.000000|0.000000
0.000000|0.000000|0.000000|0.000000|0.000000
5.847392|34.552696|14.676475|6.841170|7.370502
2.893272|2.604358|3.101873|0.852327|0.946978
4.460301|8.405207|1.553233|4.088814|-0.379042
3.301509|0.977601|0.653657|-0.913567|1.051916
6.006093|33.264099|11.158129|5.358562|10.140902
0.112793|15.182905|0.121343|0.128036|-0.590220
-0.108122|22.000839|-0.679183|0.249272|0.233652
0.027007|-0.006744|0.013903|0.016103|-0.002110
5.369927|45.596077|4.551236|5.336555|5.349260
0.000000|0.000000|0.000000|0.000000|0.000000
3.992842|3.336619|-0.744795|3.849371|12.081071
0.000000|0.000000|0.000000|0.000000|0.000000
5.946574|6.814757|-0.277620|7.959226|6.805299
3.685910|1.741752|0.325251|1.383993|11.835264
-0.094307|1.553083|1.476400|0.596323|40.538277
0.000000|0.000000|0.000000|0.000000|0.000000
-0.202170|-0.888695|-0.999527|-0.996469|-0.992593
-0.680627|-0.603351|-0.325679|-0.370941|26.354300
2.231125|32.126549|17.980301|12.341922|8.480246
-0.840367|-0.844484|-0.879538|-0.841133|-0.693498
8.898818|35.860542|8.138169|3.779023|18.978779
0.000000|0.000000|0.000000|0.000000|0.000000
7.293291|4.176436|-0.596707|4.137177|6.004277
0.000000|0.000000|0.000000|0.000000|0.000000
36.678146|0.127328|0.694262|0.594598|0.823799
5.459193|0.696563|-0.667461|1.093708|3.077719
3.685130|1.013476|1.133590|2.207643|2.522946
0.000000|0.000000|0.000000|0.000000|0.000000
0.148650|-0.248075|-0.564068|-0.584548|3.187239
0.323177|0.774084|0.226578|-0.426897|5.665441
-0.630313|-0.849423|-0.994250|-0.980966|2.817393
-0.921727|-0.732105|-0.989449|-0.909084|-0.991374
0.000000|0.000000|0.000000|0.000000|0.000000
0.000000|0.000000|0.000000|0.000000|0.000000
0.000000|0.000000|0.000000|0.000000|0.000000
0.000000|0.000000|0.000000|0.000000|0.000000
3.042184|3.017428|-0.272140|0.980115|1.216776
2.977733|1.633290|-0.730811|0.467942|0.970739
0.000000|0.000000|0.000000|0.000000|0.000000
2.283248|0.329429|0.534397|5.803903|-0.272230
-0.446695|9.489408|-0.177254|-0.456604|-0.440240
-0.893447|-0.995010|-0.871965|15.738331|-0.967208
-0.455642|-0.366055|-0.752844|-0.480827|26.674545
-0.519074|-0.827980|-0.109744|4.454422|-0.755738
0.000000|0.000000|0.000000|0.000000|0.000000
0.000000|0.000000|0.000000|0.000000|0.000000
4.426362|3.168948|4.437450|4.419157|4.438400
3.144795|2.016152|2.239878|18.497587|2.016222
1.605847|6.539225|-0.728613|0.069984|1.922192
2.673478|2.278225|3.489299|1.069358|0.803609
4.191422|0.364923|-0.542487|0.706225|24.067577
1.795367|-0.116746|0.649308|17.951477|0.066236
0.432114|24.812889|-0.246135|0.428659|0.409546
-0.704376|-0.547563|-0.999724|-0.471623|37.597099
-0.999785|30.625801|-0.825063|-0.930834|0.107590
-0.963070|17.263296|-0.978224|-0.841794|-0.987608
30.655567|46.169373|13.088991|35.648296|17.550858
0.000000|0.000000|0.000000|0.000000|0.000000
4.309381|4.065691|4.160901|4.325807|4.565264
4.757759|3.294004|4.025334|5.667605|4.778450
-0.621333|-0.940308|-0.680598|-0.633967|28.137669
2.539954|0.233016|5.806180|-0.045168|3.426174
-0.242552|0.322833|0.920735|36.789536|0.174193
5.616158|-0.875518|5.942971|5.425892|4.511292
-0.695007|-0.860379|-0.202353|0.865081|35.130264
0.434344|0.446946|-0.342329|25.332676|0.463001
37.612457|38.889820|31.459288|42.640503|34.413155
6.876285|-0.999697|-0.999999|-0.999999|-0.999694
0.000000|0.000000|0.000000|0.000000|0.000000
0.000000|0.000000|0.000000|0.000000|0.000000
4.593755|3.381901|4.654131|4.512903|4.658012
0.000000|0.000000|0.000000|0.000000|0.000000
1.842910|31.695562|-0.609222|1.594637|2.438860
2.569643|1.729665|3.077403|1.481375|0.754023
4.342083|2.241248|0.878242|0.567368|8.809401
2.107117|0.461455|-0.778179|3.216262|0.242678
16.145264|28.290916|19.580093|21.760349|21.109301
12.313391|15.625176|20.804224|0.261522|38.719997
30.630560|33.489906|29.813965|29.611980|27.396210
6.526671|18.751694|15.541220|27.018433|18.106052
4.992237|4.137738|2.957460|30.841187|4.978007
0.000000|0.000000|0.000000|0.000000|0.000000
0.000000|0.000000|0.000000|0.000000|0.000000
4.450965|3.508813|4.050004|4.546190|4.041941
4.721752|15.573963|1.237989|4.509770|1.087289
2.385817|0.457796|4.727715|-0.393496|1.445605
4.752970|0.448932|-0.343644|0.385450|36.451691
2.184689|-0.741351|1.001777|3.049450|1.182846
-0.989541|-0.994294|-0.992317|16.715239|-0.814972
-0.649216|-0.131879|-0.733498|21.511238|-0.104877
-0.548137|-0.555357|32.274406|0.052225|-0.594635
-0.999977|-0.999999|-0.999977|-0.999977|3.480081
0.000000|0.000000|0.000000|0.000000|0.000000
0.000000|0.000000|0.000000|0.000000|0.000000
41.788475|5.384724|5.236752|5.135822|5.543751
-0.997922|2.925957|2.217661|4.469572|0.401483
0.387979|4.175214|-0.141990|1.256391|2.014533
0.000000|0.000000|0.000000|0.000000|0.000000
4.920578|24.455519|0.118080|0.658882|4.597040
0.000000|0.000000|0.000000|0.000000|0.000000
-0.693201|-0.650705|-0.675555|17.864096|-0.656453
-0.463213|-0.595684|2.494059|-0.879345|-0.427962
-0.089079|-0.978106|-0.973049|-0.999062|-0.969898
-0.900025|-0.863084|1.968410|-0.894538|-0.873872
0.000000|0.000000|0.000000|0.000000|0.000000
0.000000|0.000000|0.000000|0.000000|0.000000
1.537478|5.649860|5.658395|4.275718|6.582643
3.785766|2.727787|2.420831|4.164875|4.042008
5.603553|6.554368|2.564295|0.138271|1.023748
2.065668|1.120588|38.855488|0.748689|-0.331373
0.000000|0.000000|0.000000|0.000000|0.000000
2.498173|-0.868013|3.590771|3.854888|2.809032
-0.976844|-0.239058|-0.942784|-0.946863|-0.944178
-0.768612|-0.558937|7.568007|-0.866794|-0.730803
-0.553810|-0.255936|-0.388273|-0.167269|-0.901552
-0.981421|-0.973424|-0.973839|-0.655128|-0.968739
0.000000|0.000000|0.000000|0.000000|0.000000
3.621116|3.847019|31.722248|3.197622|2.750742
0.000000|0.000000|0.000000|0.000000|0.000000
0.000000|0.000000|0.000000|0.000000|0.000000
0.000000|0.000000|0.000000|0.000000|0.000000
2.704085|-0.150218|8.984102|0.652353|4.689888
3.755534|1.088083|0.415763|0.767176|6.177731
0.000000|0.000000|0.000000|0.000000|0.000000
-0.375881|1.489651|0.323901|1.139688|35.258564
-0.879475|-0.243962|-0.802375|-0.981825|-0.991233
-0.007807|-0.572073|-0.589175|-0.913802|-0.570810
-0.790078|-0.792727|-0.994810|-0.999058|-0.999000
0.000000|0.000000|0.000000|0.000000|0.000000
0.113127|4.078039|37.973633|4.972159|3.444982
0.000000|0.000000|0.000000|0.000000|0.000000
0.000000|0.000000|0.000000|0.000000|0.000000
3.200242|3.158981|-0.760280|4.572553|0.239488
0.000000|0.000000|0.000000|0.000000|0.000000
0.000000|0.000000|0.000000|0.000000|0.000000
1.167231|-0.171938|2.514764|4.135425|-0.861754
-0.289161|-0.503607|3.416612|0.329969|-0.119511
-0.250003|-0.842112|-0.976084|-0.844185|-0.999999
-0.833654|-0.779882|-0.780596|-0.613667|-0.785578
-0.953103|-0.855987|-0.878784|-0.972107|-0.940746
0.000000|0.000000|0.000000|0.000000|0.000000
0.000000|0.000000|0.000000|0.000000|0.000000
0.000000|0.000000|0.000000|0.000000|0.000000
3.854075|-0.837404|2.334672|5.303887|4.190160
2.754298|1.406102|1.969756|3.493767|1.548252
2.059075|0.778838|2.990732|0.295215|-0.141252
0.000000|0.000000|0.000000|0.000000|0.000000
2.089556|1.751397|1.604568|-0.501413|1.968435
26.745289|-0.056695|-0.671343|-0.052130|0.197207
0.222831|-0.069603|7.909857|-0.188842|-0.329574
-0.844124|-0.879877|-0.653760|-0.065706|-0.839471
-0.427695|-0.421782|0.849923|-0.420433|-0.421692
0.000000|0.000000|0.000000|0.000000|0.000000
3.899551|1.834764|6.912442|-0.903561|2.910028
0.000000|0.000000|0.000000|0.000000|0.000000
0.000000|0.000000|0.000000|0.000000|0.000000
3.999786|4.185629|0.234547|4.019917|0.970457
36.451340|0.803116|2.896076|0.003204|0.575998
3.176583|3.288662|1.136796|0.612370|2.587940
2.845196|0.744051|3.045004|-0.915738|2.954873
-0.892923|-0.999999|-0.999999|26.619476|-0.999999
0.983803|0.466729|34.486198|0.159511|-0.109548
-0.746913|-0.726537|-0.625800|-0.720995|0.661257
-0.788568|-0.488399|-0.790075|-0.787461|-0.792640
0.000000|0.000000|0.000000|0.000000|0.000000
0.000000|0.000000|0.000000|0.000000|0.000000
0.000000|0.000000|0.000000|0.000000|0.000000
0.000000|0.000000|0.000000|0.000000|0.000000
19.186459|-0.592799|0.360764|-0.069935|0.486389
3.578151|0.928495|-0.629290|0.806204|4.075774
16.869633|3.512135|6.398670|26.809414|42.799225
0.000000|0.000000|0.000000|0.000000|0.000000
-0.466680|-0.478166|-0.692638|1.192632|-0.465870
-0.112300|-0.104362|-0.029471|-0.465074|-0.649011
14.713241|-0.941114|-0.280227|-0.947487|-0.849330
-0.876915|-0.996582|-0.373805|-0.877043|-0.885374
0.000000|0.000000|0.000000|0.000000|0.000000
3.754438|1.654163|6.249812|-0.531371|3.194741
0.000000|0.000000|0.000000|0.000000|0.000000
3.612807|-0.706535|3.980521|16.956120|3.007333
3.519689|3.373141|-0.454732|1.334532|1.539003
4.614187|0.320489|-0.377138|0.056967|0.005596
0.000000|0.000000|0.000000|0.000000|0.000000
2.252793|0.852769|3.300024|-0.541877|2.122894
-0.977070|-0.447061|-0.984109|-0.990352|-0.986491
-0.991982|-0.991670|-0.924973|-0.380565|-0.997110
-0.904347|-0.293210|-0.713677|-0.614349|-0.845278
-0.649289|-0.649924|-0.655409|0.369152|-0.740268
4.149405|4.147202|4.181744|4.148588|3.712862
3.003898|1.984698|4.395999|2.021495|2.879482
3.769878|2.265161|4.036833|3.679515|4.987951
3.017178|2.102611|2.106954|4.371761|2.031321
1.960397|8.722771|1.512143|3.016885|-0.069602
1.949875|1.348696|3.440767|0.720930|-0.372069
4.304056|1.674827|2.042197|2.809973|4.834916
1.954830|0.105681|1.839149|5.329557|0.034482
-0.590029|22.132904|-0.649914|-0.631313|-0.891074
-0.063255|-0.389315|-0.957271|-0.454125|-0.894806
-0.330424|-0.976608|32.448929|-0.983526|-0.955934
-0.797712|-0.782558|17.631935|-0.622666|-0.660269
0.000000|0.000000|0.000000|0.000000|0.000000
5.560160|5.517037|5.556549|4.761064|5.564400
5.304643|4.151056|5.919718|5.862291|5.713309
6.636093|4.255700|6.737773|5.071786|6.770294
3.835127|27.777260|-0.109238|2.373287|2.684204
1.766396|0.005461|6.158963|-0.830651|-0.588291
5.065671|4.333727|0.302483|3.125071|44.153015
7.473750|0.308373|7.525157|7.139653|7.132719
26.628048|-0.999999|-0.999999|-0.999999|-0.985499
0.393270|0.521261|34.622215|1.723366|1.119877
-0.999999|-0.998730|-0.999999|-0.305770|34.469360
4.266025|-0.999999|-0.999999|-0.999999|-0.999999
4.142940|4.790750|4.085066|5.946818|4.231699
2.984247|1.969335|4.668863|1.996485|2.199161
3.754649|2.267903|3.808719|3.774607|4.634318
0.000000|0.000000|0.000000|0.000000|0.000000
1.664293|4.208983|-0.059655|-0.783594|2.356004
1.998334|0.182884|3.586809|1.544512|-0.224144
4.489290|2.046744|0.378474|0.625646|8.606901
2.694219|1.291431|0.035557|3.711984|0.891383
-0.612706|25.737995|-0.676696|-0.884347|-0.611917
-0.008804|-0.551944|21.759464|-0.506851|-0.972113
-0.999301|31.650513|-0.999999|-0.999871|-0.999966
-0.859172|-0.870516|-0.969043|2.595539|-0.841921
0.000000|0.000000|0.000000|0.000000|0.000000
5.627952|5.586016|6.195346|5.567522|5.229883
0.000000|0.000000|0.000000|0.000000|0.000000
6.443959|5.011608|6.462676|5.112203|6.461223
4.714037|4.568246|-0.051787|4.859986|4.236839
1.731795|0.048092|9.717234|-0.818623|-0.376748
3.812015|0.382528|-0.450133|0.203259|5.321554
3.011917|1.176148|2.958413|3.059548|3.048243
-0.999997|-0.999997|-0.999997|9.406288|-0.985396
-0.328843|1.158365|20.586342|0.690587|-0.920559
-0.326878|0.063877|-0.073733|-0.638338|33.889755
-0.998165|-0.998079|-0.998256|1.517909|-0.998038
0.000000|0.000000|0.000000|0.000000|0.000000
0.000000|0.000000|0.000000|0.000000|0.000000
0.000000|0.000000|0.000000|0.000000|0.000000
-0.920167|3.303198|2.553228|4.078075|2.003680
-0.132832|5.169305|-0.449703|1.755716|2.777285
0.000000|0.000000|0.000000|0.000000|0.000000
4.748617|41.111141|0.404728|4.388889|4.773124
0.000000|0.000000|0.000000|0.000000|0.000000
0.082495|2.109548|0.121192|0.318596|0.057637
-0.133673|-0.594978|-0.134223|-0.909259|-0.937046
-0.911912|-0.940941|-0.946393|-0.990647|10.075199
-0.973100|-0.973173|-0.252389|-0.974236|-0.972935
0.000000|0.000000|0.000000|0.000000|0.000000
0.000000|0.000000|0.000000|0.000000|0.000000
-0.720917|4.163336|4.166602|-0.786265|5.757594
3.609410|2.748446|3.195368|25.869617|2.378389
7.626262|11.889616|2.679235|0.432839|2.734686
0.346361|-0.204962|23.654442|-0.011116|3.027886
0.000000|0.000000|0.000000|0.000000|0.000000
2.141145|-0.976013|3.360549|4.377518|-0.933880
-0.929968|-0.948591|-0.864989|-0.399180|-0.926121
-0.997816|14.897673|-0.478530|-0.989706|-0.998094
31.681221|-0.736770|-0.728574|-0.868392|-0.967479
-0.877102|-0.878814|1.554466|-0.874643|-0.883502
-0.971602|4.780027|2.704475|4.015854|3.236420
3.637472|3.859871|7.052704|3.170983|2.791928
0.000000|0.000000|0.000000|0.000000|0.000000
0.000000|0.000000|0.000000|0.000000|0.000000
0.000000|0.000000|0.000000|0.000000|0.000000
2.772845|1.113656|5.671949|1.400949|4.532781
1.593943|3.193840|-0.013362|0.111398|8.129505
0.000000|0.000000|0.000000|0.000000|0.000000
-0.525323|-0.189578|18.521343|-0.208555|-0.190974
-0.857739|-0.804574|-0.142538|-0.990163|-0.993035
-0.679775|-0.998505|-0.545578|19.860722|-0.398722
-0.997222|-0.998394|-0.999851|5.458640|-0.994698
3.833762|4.158336|2.497914|6.151212|2.954195
-0.946357|4.447321|5.014748|4.590748|2.480369
0.000000|0.000000|0.000000|0.000000|0.000000
0.000000|0.000000|0.000000|0.000000|0.000000
3.526371|3.214824|-0.375961|4.384243|0.001563
0.000000|0.000000|0.000000|0.000000|0.000000
0.000000|0.000000|0.000000|0.000000|0.000000
1.913646|-0.961858|0.694920|3.149835|-0.997502
-0.529220|28.998081|0.358941|1.456643|1.329262
-0.685879|-0.692668|-0.974807|-0.994315|-0.999966
-0.488350|-0.635501|-0.642156|-0.953091|-0.930636
-0.684032|-0.564063|4.185081|-0.487222|-0.965121
3.956091|4.262429|2.709083|3.976724|-0.685003
0.000000|0.000000|0.000000|0.000000|0.000000
0.000000|0.000000|0.000000|0.000000|0.000000
3.383017|-0.271806|2.330298|7.564458|1.216021
2.711005|1.904698|-0.652966|1.464397|0.315342
2.734321|2.685542|3.019018|0.722256|0.741641
4.228007|6.241356|1.317779|4.002756|-0.950084
1.981526|0.052794|-0.550363|0.029459|-0.685906
0.636939|3.668245|-0.508381|0.398101|-0.130393
0.220047|-0.704268|-0.723665|0.189759|0.361725
-0.298541|-0.383672|-0.935888|-0.750563|16.104156
-0.415155|-0.425614|2.286896|-0.412528|-0.415712
4.939867|4.204146|5.299329|4.869405|5.423043
0.000000|0.000000|0.000000|0.000000|0.000000
5.921675|3.007793|-0.817900|3.778321|4.078999
0.000000|0.000000|0.000000|0.000000|0.000000
7.524567|7.589828|1.779297|1.863199|0.431524
3.073753|1.198061|3.924782|0.315811|0.725529
1.416455|2.335358|1.266398|-0.039266|28.018841
2.780123|0.955437|9.473202|-0.809419|0.650894
-0.980646|-0.999999|-0.999999|-0.999999|-0.980338
-0.175911|-0.182133|0.012318|-0.325073|3.013391
-0.647281|26.925594|-0.638095|-0.281304|-0.638149
-0.398211|-0.349943|2.000397|-0.222481|-0.337517
4.306630|4.782363|2.398461|4.390795|-0.787873
0.000000|0.000000|0.000000|0.000000|0.000000
5.168506|3.072124|-0.757068|3.662662|6.029587
0.000000|0.000000|0.000000|0.000000|0.000000
4.003589|-0.569551|0.284390|0.149721|0.511216
4.896540|1.083815|-0.485765|3.371036|3.651773
4.160422|5.995878|1.024315|4.156876|-0.898540
0.000000|0.000000|0.000000|0.000000|0.000000
-0.370818|-0.115785|-0.284203|-0.316440|-0.506492
13.191690|0.073860|0.166665|-0.581119|-0.610443
0.058798|-0.619322|-0.126283|0.052312|1.655073
-0.917968|-0.870417|0.818015|-0.882743|-0.870900
0.000000|0.000000|0.000000|0.000000|0.000000
0.000000|0.000000|0.000000|0.000000|0.000000
0.000000|0.000000|0.000000|0.000000|0.000000
3.527817|-0.356086|3.992085|19.708981|1.270374
2.690870|41.776047|-0.535525|1.398819|1.670771
3.741128|2.715987|-0.721843|0.685772|1.175498
0.000000|0.000000|0.000000|0.000000|0.000000
1.938119|-0.157295|-0.004754|9.844827|-0.408934
-0.884956|-0.887153|-0.473002|-0.887989|-0.884887
-0.982609|-0.970885|-0.873721|-0.641445|22.085722
-0.981538|-0.949046|-0.814103|-0.808386|-0.292803
-0.950625|-0.960124|-0.389468|5.207430|-0.726396
4.011435|4.162416|4.008407|4.038553|2.979510
3.020283|2.094911|4.883392|2.149632|2.197518
4.350411|3.091161|4.377216|4.368442|4.373560
8.983063|7.881928|4.512984|30.816902|8.543744
2.226884|3.411605|1.891220|2.949340|-0.234232
2.164649|1.495143|3.581417|0.865909|0.947651
3.957070|2.272814|2.455160|2.712434|4.186689
10.047680|9.818714|14.253399|29.545343|9.968288
11.394687|27.087320|10.365370|15.566741|9.095103
4.678112|-0.808132|-0.783808|-0.589739|-0.039165
-0.973996|-0.978328|31.292789|-0.099395|-0.999803
7.525687|6.185780|14.384171|28.278076|9.805424
26.547621|53.814095|12.610172|26.834846|15.550538
5.003793|4.665009|5.009284|3.518643|5.011496
0.000000|0.000000|0.000000|0.000000|0.000000
0.000000|0.000000|0.000000|0.000000|0.000000
4.209856|44.168297|-0.142270|1.126666|3.960053
2.728798|1.140788|3.545385|-0.337604|0.201713
15.996685|17.806898|20.086395|52.329769|23.243809
0.000000|0.000000|0.000000|0.000000|0.000000
0.393211|32.382462|-0.890671|0.546256|-0.999421
-0.641736|0.581583|31.297619|0.573445|0.572943
39.974281|36.629715|28.239986|33.484333|29.750553
-0.999092|2.194054|-0.999778|-0.999136|-0.999947
4.093948|4.653413|4.115375|5.989226|3.588875
3.008537|2.133919|12.455047|2.159061|2.277875
4.147990|2.894154|4.380239|4.348070|4.376963
0.000000|0.000000|0.000000|0.000000|0.000000
2.853892|4.694237|0.025700|-0.524731|2.933144
2.223377|0.982816|4.345358|1.178827|0.484973
4.368180|2.823772|2.463410|1.332009|6.538546
1.992069|-0.406059|-0.660907|28.748873|-0.219497
-0.601115|22.882298|-0.690750|-0.999994|-0.587381
0.341552|-0.270630|27.070004|0.309717|0.122819
-0.987305|33.365929|-0.464713|-0.440949|-0.329664
-0.320793|-0.324487|-0.589458|27.669359|-0.490075
4.780046|4.994586|4.765944|4.345789|4.633996
5.883530|5.863423|5.880428|5.852182|5.220604
0.000000|0.000000|0.000000|0.000000|0.000000
0.000000|0.000000|0.000000|0.000000|0.000000
5.183218|5.392385|2.116084|1.150535|-0.313942
3.026619|1.179422|3.707908|-0.248130|-0.126922
4.486145|0.273584|-0.249759|0.353224|4.258740
0.956236|-0.731607|-0.953970|2.969385|-0.428862
-0.952822|-0.718757|-0.860003|15.545760|-0.930232
-0.232672|0.115796|25.280174|0.073753|-0.828253
-0.444391|-0.860802|-0.899965|-0.771544|36.370766
-0.913473|-0.915802|10.988560|-0.999999|-0.911041
0.000000|0.000000|0.000000|0.000000|0.000000
0.000000|0.000000|0.000000|0.000000|0.000000
5.746061|4.889775|5.462083|4.680243|15.318163
-0.612921|3.721291|3.952029|5.402345|-0.547363
0.618737|4.967980|0.461896|1.130869|0.746550
0.000000|0.000000|0.000000|0.000000|0.000000
5.479265|23.660114|2.133082|2.891763|4.900555
0.000000|0.000000|0.000000|0.000000|0.000000
0.322971|24.357506|0.529119|0.956766|0.730575
0.225706|-0.397877|1.259287|-0.268327|0.336571
21.608177|-0.999486|-0.999299|-0.971630|-0.730384
-0.919001|-0.892276|-0.731701|-0.889746|-0.879012
0.000000|0.000000|0.000000|0.000000|0.000000
0.000000|0.000000|0.000000|0.000000|0.000000
3.493662|6.073878|4.995436|6.140510|45.277187
0.000000|0.000000|0.000000|0.000000|0.000000
6.442143|9.768730|3.189571|0.120560|2.115964
0.416319|1.163590|6.002769|-0.640543|41.635616
0.000000|0.000000|0.000000|0.000000|0.000000
2.487624|-0.933242|3.565433|3.843832|2.765255
-0.950188|34.292908|-0.516205|-0.834127|-0.970176
-0.768744|-0.223255|-0.681376|-0.925914|-0.694336
-0.758230|-0.749459|-0.744883|-0.975780|22.119507
-0.905841|-0.860429|-0.905488|-0.902596|-0.653164
-0.992486|6.177882|2.594100|4.913405|3.015759
4.126989|4.952567|6.344787|4.067337|3.548796
0.000000|0.000000|0.000000|0.000000|0.000000
0.000000|0.000000|0.000000|0.000000|0.000000
0.000000|0.000000|0.000000|0.000000|0.000000
2.329650|-0.063701|7.501537|0.514105|4.468047
0.382487|3.468463|-0.110974|0.896949|7.925362
0.000000|0.000000|0.000000|0.000000|0.000000
-0.897325|-0.314187|-0.462083|-0.501641|29.429546
-0.260758|0.783652|42.605133|-0.173836|0.338544
23.625574|-0.659474|-0.664415|-0.664233|-0.347523
-0.924020|-0.126683|-0.931972|-0.999231|-0.920106
3.833029|7.455786|2.775491|4.125923|3.903144
0.179543|43.094448|4.985895|5.611954|3.012232
0.000000|0.000000|0.000000|0.000000|0.000000
0.000000|0.000000|0.000000|0.000000|0.000000
4.574419|3.221932|-0.864830|3.192881|-0.146018
0.000000|0.000000|0.000000|0.000000|0.000000
0.000000|0.000000|0.000000|0.000000|0.000000
0.093497|-0.067921|2.810767|3.264456|-0.944217
9.893910|41.950115|18.157120|3.032509|20.606342
-0.845648|-0.876033|-0.184981|-0.924383|-0.978323
-0.530844|-0.775098|-0.526244|-0.972151|0.574876
-0.857504|0.125320|-0.854210|-0.863651|-0.855850
0.000000|0.000000|0.000000|0.000000|0.000000
0.000000|0.000000|0.000000|0.000000|0.000000
0.000000|0.000000|0.000000|0.000000|0.000000
3.567391|-0.425993|2.757710|5.781730|4.431766
2.371485|8.159896|-0.300280|1.785791|0.802396
3.005701|2.712882|3.023286|0.823505|1.027780
5.520687|6.293584|1.493875|0.415445|-0.757879
2.300739|1.184711|0.842377|-0.710731|1.347374
-0.385530|18.666332|-0.570432|-0.081762|-0.077199
0.642474|0.464993|-0.259399|-0.492367|24.551937
-0.758719|-0.289056|-0.770312|-0.951817|-0.591835
-0.271355|-0.267939|-0.167069|-0.542291|-0.268130
44.952858|4.873572|3.536873|4.359018|3.903876
3.829720|3.330091|25.418556|-0.916830|2.913291
44.183010|7.307482|20.614819|9.761656|22.602547
0.000000|0.000000|0.000000|0.000000|0.000000
4.040041|29.712662|-0.548218|4.068650|4.147260
2.793401|-0.149692|-0.169735|0.027582|13.008879
9.308240|1.668537|0.829866|-0.128625|1.253025
3.286985|1.388105|3.835747|-0.689814|3.426426
-0.999924|-0.999764|-0.999784|35.927910|-0.999819
12.555449|18.439985|41.428009|3.685857|17.557987
0.372575|0.385229|-0.888548|0.235150|19.079258
-0.782708|-0.939256|-0.777792|-0.692674|-0.814896
0.000000|0.000000|0.000000|0.000000|0.000000
0.000000|0.000000|0.000000|0.000000|0.000000
8.362963|3.627731|-0.443938|4.619379|43.091591
0.000000|0.000000|0.000000|0.000000|0.000000
22.273602|-0.861890|1.034662|0.201917|0.644150
2.755497|-0.556149|-0.885481|-0.055268|18.541344
6.002656|1.353847|1.369085|-0.050058|4.596705
0.000000|0.000000|0.000000|0.000000|0.000000
39.062927|-0.562705|-0.203558|0.686482|0.671236
1.182816|-0.870867|0.449253|0.569059|11.574783
-0.466104|-0.740962|-0.440137|32.278358|-0.448640
-0.979100|-0.971280|-0.931828|0.128034|-0.789993
0.000000|0.000000|0.000000|0.000000|0.000000
3.906272|3.243546|23.296478|-0.528892|3.210397
0.000000|0.000000|0.000000|0.000000|0.000000
3.782461|-0.393761|5.699175|5.710103|4.218960
7.163381|7.194098|-0.909973|0.307883|2.278800
3.206450|1.010723|-0.686179|0.738239|1.031925
0.000000|0.000000|0.000000|0.000000|0.000000
3.446313|1.517427|4.144761|-0.743778|3.866376
-0.961671|-0.948202|29.384289|-0.989830|-0.652160
-0.942876|-0.702575|-0.968839|-0.956083|27.150940
-0.904445|18.306904|-0.810504|-0.805821|-0.807228
-0.419735|2.134825|-0.415394|-0.423184|-0.416023
3.910540|4.088871|3.807709|3.739129|2.301257
4.078209|3.340552|4.083354|3.331465|3.114378
0.000000|0.000000|0.000000|0.000000|0.000000
0.000000|0.000000|0.000000|0.000000|0.000000
2.052868|3.874157|0.746512|0.930955|1.506685
2.979215|2.847953|3.009153|0.860840|1.266852
4.289417|0.233280|0.510762|0.591959|36.387196
1.842767|0.004273|0.611034|18.608089|0.209635
-0.579384|23.347755|-0.744229|-0.518784|-0.816172
-0.598236|-0.151148|-0.376841|-0.999864|30.575153
-0.704962|-0.703092|-0.761608|-0.996501|36.390209
-0.723262|-0.552269|-0.254613|1.277110|-0.386597
5.960154|49.511742|6.383717|4.920696|5.528155
5.717855|5.707404|6.428334|5.139632|5.705078
4.121567|4.381351|4.658340|4.651362|37.537357
4.630743|4.592074|3.061449|5.059747|4.679785
3.227790|-0.170515|-0.856573|1.461245|42.674072
2.954210|0.518987|6.942191|0.209831|3.149261
0.916504|3.437847|0.602347|3.659262|30.905136
4.980600|-0.973448|6.014883|5.320978|4.720520
-0.999997|28.632427|-0.999640|0.448473|-0.999999
-0.314453|-0.524842|-0.827581|-0.411849|33.487392
37.929554|0.920929|1.247470|1.472357|1.917640
7.405277|-0.999155|-0.999999|-0.999956|-0.999999
3.819261|4.308951|3.769598|3.683231|2.937144
3.710808|2.783257|4.293730|3.149418|2.835048
0.000000|0.000000|0.000000|0.000000|0.000000
0.000000|0.000000|0.000000|0.000000|0.000000
3.034518|4.265685|0.859599|-0.286328|3.064027
2.633255|1.792521|2.980081|1.481876|0.703210
3.936032|1.896985|0.062596|0.301933|9.080467
2.187512|0.616181|-0.687842|5.111154|0.301988
-0.999995|27.480085|-0.569659|-0.444240|-0.802707
1.951317|27.216850|5.184272|11.779221|40.066864
-0.999999|-0.999999|-0.963984|31.363085|-0.999999
-0.873811|-0.531477|-0.982784|21.905659|-0.951327
4.675262|5.490654|5.580722|2.873803|5.493811
5.691463|5.759452|5.833045|5.649169|5.323469
0.000000|0.000000|0.000000|0.000000|0.000000
4.975535|5.132145|5.254672|4.865337|4.950390
4.164016|4.664129|-0.221460|47.646397|4.340210
3.478574|1.727078|4.074071|0.516136|1.116508
4.738527|0.678305|-0.318469|0.806071|6.394458
2.941221|0.097127|1.286037|3.019683|1.919471
-0.945491|-0.999999|-0.990494|-0.999999|-0.999999
-0.095519|-0.586782|32.507984|-0.636233|-0.945747
-0.234309|0.419757|-0.334267|0.279623|34.896294
-0.999999|-0.999999|-0.999999|3.219755|-0.999999
