0.000000|0.000000|0.000000|0.000000|0.000000
0.000000|0.000000|0.000000|0.000000|0.000000
0.000000|0.000000|0.000000|0.000000|0.000000
0.000000|0.000000|0.000000|0.000000|0.000000
52.730953|53.006477|52.883171|52.218536|51.910500
0.000000|0.000000|0.000000|0.000000|0.000000
55.402824|60.175858|56.833908|57.541534|83.672882
53.268364|59.656349|54.920155|64.918297|57.499786
103.059219|103.106354|109.256577|136.794006|104.246094
0.000000|0.000000|0.000000|0.000000|0.000000
56.889977|96.500603|62.342171|56.231968|56.478294
0.000000|0.000000|0.000000|0.000000|0.000000
0.000000|0.000000|0.000000|0.000000|0.000000
0.000000|0.000000|0.000000|0.000000|0.000000
0.000000|0.000000|0.000000|0.000000|0.000000
0.000000|0.000000|0.000000|0.000000|0.000000
66.545425|137.888840|59.061810|66.300194|70.802872
101.839714|101.797089|98.781578|140.725906|103.758591
56.425995|57.557343|57.694481|56.660423|65.642197
56.669357|57.701057|57.570896|100.979324|57.754196
55.286423|86.762299|53.517445|55.130394|53.911392
78.386978|56.438187|58.888340|59.784786|59.076035
53.794533|89.549454|55.221767|56.527332|56.095581
63.752586|62.883682|63.816288|66.456169|61.486343
0.000000|0.000000|0.000000|0.000000|0.000000
0.000000|0.000000|0.000000|0.000000|0.000000
0.000000|0.000000|0.000000|0.000000|0.000000
0.000000|0.000000|0.000000|0.000000|0.000000
55.536201|73.243187|57.201797|58.447090|58.635109
0.000000|0.000000|0.000000|0.000000|0.000000
57.038071|60.777748|58.163261|58.682030|70.978798
61.212395|61.208530|61.184891|61.493904|61.134895
66.834427|121.954712|62.205772|61.960762|69.495972
57.975212|62.014568|59.145077|58.813492|63.729336
54.761551|93.895111|57.305309|59.353306|55.154552
0.000000|0.000000|0.000000|0.000000|0.000000
0.000000|0.000000|0.000000|0.000000|0.000000
0.000000|0.000000|0.000000|0.000000|0.000000
0.000000|0.000000|0.000000|0.000000|0.000000
0.000000|0.000000|0.000000|0.000000|0.000000
103.473862|146.491028|105.946304|96.485085|85.104301
62.822731|63.764141|62.934830|62.869858|65.752670
64.152176|71.731087|65.562912|63.386803|128.617783
55.228279|60.582962|58.525375|61.626663|60.118050
54.634834|54.183678|53.429993|84.457993|52.810837
0.000000|0.000000|0.000000|0.000000|0.000000
119.138756|146.167297|116.312408|109.176102|117.414482
61.075256|59.098747|53.634354|68.938675|68.909378
59.279083|88.258118|56.490341|53.908432|56.535225
0.000000|0.000000|0.000000|0.000000|0.000000
62.219494|62.621250|56.309151|58.377945|72.291397
0.000000|0.000000|0.000000|0.000000|0.000000
0.000000|0.000000|0.000000|0.000000|0.000000
0.000000|0.000000|0.000000|0.000000|0.000000
0.000000|0.000000|0.000000|0.000000|0.000000
0.000000|0.000000|0.000000|0.000000|0.000000
64.456604|122.070839|70.911980|67.704079|64.311333
0.000000|0.000000|0.000000|0.000000|0.000000
85.556412|126.827850|77.619827|82.405006|86.671844
61.778076|62.707474|57.133415|55.719685|61.888554
110.666641|58.932549|57.597080|58.984520|54.242966
0.000000|0.000000|0.000000|0.000000|0.000000
63.890953|63.472107|59.966537|60.218788|122.462112
58.143150|58.175129|57.830704|79.354042|55.308632
61.771339|120.333923|59.567116|64.345520|64.769547
0.000000|0.000000|0.000000|0.000000|0.000000
58.713623|106.327362|57.578247|57.984222|62.032272
60.830425|62.375458|59.787590|62.379269|61.651489
78.229607|126.075577|72.544510|80.943047|81.108589
59.713730|56.754028|57.277256|88.407318|57.503250
69.976364|135.125458|64.282013|72.474899|72.309372
83.921280|55.342278|56.647095|55.376110|55.812206
56.673813|56.801514|52.154945|56.800537|67.799423
0.000000|0.000000|0.000000|0.000000|0.000000
60.605659|63.688423|59.202393|58.264557|60.558228
61.397789|61.276520|61.331646|62.724655|53.971451
85.567253|148.071777|71.350342|79.595688|81.943512
0.000000|0.000000|0.000000|0.000000|0.000000
0.000000|0.000000|0.000000|0.000000|0.000000
0.000000|0.000000|0.000000|0.000000|0.000000
78.522408|122.481895|73.250687|77.437141|78.461380
58.309200|58.773430|56.549858|58.275249|55.145996
112.791801|63.266708|61.895760|60.379211|62.500542
0.000000|0.000000|0.000000|0.000000|0.000000
130.253693|63.661903|59.801998|61.218475|62.303955
0.000000|0.000000|0.000000|0.000000|0.000000
60.115837|57.836838|59.075745|55.883526|78.896027
59.949703|59.921387|55.749435|72.630814|57.893082
55.482651|77.221268|53.238380|54.836460|56.269310
0.000000|0.000000|0.000000|0.000000|0.000000
62.756035|111.462868|68.412346|73.547493|69.232376
0.000000|0.000000|0.000000|0.000000|0.000000
52.898003|86.258835|55.748772|56.330624|56.622654
58.407639|59.393929|63.433781|95.882492|59.109543
94.698044|145.496536|89.779060|99.090607|94.577362
56.710880|56.814186|56.442638|58.644062|56.792671
0.000000|0.000000|0.000000|0.000000|0.000000
0.000000|0.000000|0.000000|0.000000|0.000000
0.000000|0.000000|0.000000|0.000000|0.000000
0.000000|0.000000|0.000000|0.000000|0.000000
94.298897|148.160843|82.708221|88.812431|87.101891
0.000000|0.000000|0.000000|0.000000|0.000000
80.086029|82.176292|80.770897|74.174576|127.189621
0.000000|0.000000|0.000000|0.000000|0.000000
118.231560|134.136902|116.609482|118.499054|119.167984
0.000000|0.000000|0.000000|0.000000|0.000000
108.171021|140.964844|98.193802|102.202751|104.571899
66.791763|67.102463|65.200737|67.208542|65.951454
107.320435|157.815125|106.547546|111.801643|106.687500
64.822769|118.453682|61.426155|61.090500|62.963074
154.586380|128.042526|125.945740|141.273880|138.523651
130.755234|67.264679|63.321205|68.118027|62.449482
147.834198|152.021103|140.353287|137.477448|139.249680
68.556694|70.738655|135.976913|71.790665|67.137497
98.244431|100.557587|97.094177|106.811806|136.065582
108.058792|112.122986|117.267792|136.312439|106.565506
114.196823|142.079254|116.874397|115.765167|116.216858
75.560837|83.876030|86.684998|80.566147|124.237808
99.647934|135.666443|98.869217|106.663620|100.150772
72.527313|77.452835|76.614685|124.247238|70.382530
59.319099|91.988419|54.394173|54.865456|55.734337
0.000000|0.000000|0.000000|0.000000|0.000000
0.000000|0.000000|0.000000|0.000000|0.000000
0.000000|0.000000|0.000000|0.000000|0.000000
81.201477|145.717590|81.998451|86.260880|81.463089
62.899284|65.535843|62.907509|67.212975|108.658936
70.859268|79.184296|67.413544|68.016968|133.128632
0.000000|0.000000|0.000000|0.000000|0.000000
116.508667|139.735260|110.297852|108.869583|114.123077
57.387718|61.965683|54.559319|57.477497|57.916168
97.288185|138.020370|97.470367|102.938705|94.401146
0.000000|0.000000|0.000000|0.000000|0.000000
94.871086|86.035522|80.786942|150.720917|87.193596
102.983292|60.417927|59.473141|61.518364|59.567520
109.476913|62.112442|60.318752|61.226677|59.899345
69.766357|61.125664|59.109905|61.736984|57.858147
60.389603|112.172729|61.803391|58.901978|63.934982
62.789085|71.108337|123.734909|65.476677|68.919899
61.663017|61.396458|63.290192|58.508575|115.242813
60.657253|68.022980|63.632431|117.364670|62.196918
71.017624|76.240814|58.682098|113.082237|69.111931
59.211823|55.958073|98.623680|55.756897|60.928108
142.859070|147.496933|142.328369|133.922974|140.458740
62.854431|57.892780|59.786400|115.308456|59.516548
0.000000|0.000000|0.000000|0.000000|0.000000
0.000000|0.000000|0.000000|0.000000|0.000000
0.000000|0.000000|0.000000|0.000000|0.000000
0.000000|0.000000|0.000000|0.000000|0.000000
56.706406|64.588226|56.182854|57.967274|55.705605
0.000000|0.000000|0.000000|0.000000|0.000000
61.233780|110.973694|60.000626|57.253105|64.299187
54.061905|62.198730|56.856430|61.024521|59.497200
109.841637|113.063751|114.495056|137.959320|103.737946
0.000000|0.000000|0.000000|0.000000|0.000000
89.963120|120.570343|87.446877|84.720093|84.511597
0.000000|0.000000|0.000000|0.000000|0.000000
0.000000|0.000000|0.000000|0.000000|0.000000
0.000000|0.000000|0.000000|0.000000|0.000000
0.000000|0.000000|0.000000|0.000000|0.000000
0.000000|0.000000|0.000000|0.000000|0.000000
95.626633|149.460663|77.687286|95.820549|112.399200
104.882843|111.762482|103.544044|111.568810|145.158783
70.291000|75.510025|67.916946|75.638031|123.171661
56.797386|60.015388|57.707340|120.633499|57.822678
60.230225|63.039703|57.401520|62.415684|124.173050
60.610359|57.472965|57.440834|57.649689|57.603386
91.266571|116.375763|91.271851|90.394882|78.994759
59.257256|58.663094|61.279148|66.458694|58.129387
0.000000|0.000000|0.000000|0.000000|0.000000
0.000000|0.000000|0.000000|0.000000|0.000000
0.000000|0.000000|0.000000|0.000000|0.000000
0.000000|0.000000|0.000000|0.000000|0.000000
63.547661|123.561539|59.947754|66.507492|64.417381
0.000000|0.000000|0.000000|0.000000|0.000000
64.811996|117.994446|58.510975|67.327759|63.988510
58.505302|61.011810|58.958275|91.396240|58.807312
104.344658|113.774422|103.274071|137.918121|107.724541
58.871498|60.644844|60.667568|60.339615|62.384605
72.464844|75.101768|74.000320|77.090591|131.006805
0.000000|0.000000|0.000000|0.000000|0.000000
0.000000|0.000000|0.000000|0.000000|0.000000
0.000000|0.000000|0.000000|0.000000|0.000000
0.000000|0.000000|0.000000|0.000000|0.000000
0.000000|0.000000|0.000000|0.000000|0.000000
54.853310|120.602234|58.037582|63.949833|55.984398
59.621468|63.665024|60.557365|60.439941|109.512825
107.070320|143.042786|91.110687|97.019882|108.848755
53.563576|60.660477|57.277428|59.617119|57.995522
68.263611|64.921600|62.944176|103.891495|64.026215
0.000000|0.000000|0.000000|0.000000|0.000000
126.578918|95.948387|88.634987|80.386353|89.496719
61.714756|60.191109|60.914383|62.876324|59.825680
70.422668|133.224716|66.490685|65.515915|62.456818
0.000000|0.000000|0.000000|0.000000|0.000000
117.350494|119.427727|112.516434|115.218544|153.087921
0.000000|0.000000|0.000000|0.000000|0.000000
0.000000|0.000000|0.000000|0.000000|0.000000
0.000000|0.000000|0.000000|0.000000|0.000000
0.000000|0.000000|0.000000|0.000000|0.000000
0.000000|0.000000|0.000000|0.000000|0.000000
134.742661|134.102905|133.493011|134.302246|138.049942
0.000000|0.000000|0.000000|0.000000|0.000000
124.337906|144.248627|114.725510|126.567444|126.311050
62.500435|62.309372|59.668953|57.559357|62.421017
142.383728|78.474945|70.603325|69.455673|60.079834
69.972023|58.763924|57.629044|57.872261|57.694229
57.854549|58.759300|58.390675|59.204170|89.868484
57.955551|60.789776|58.613670|113.123627|56.600410
67.237144|86.402634|77.477188|127.997192|76.486603
0.000000|0.000000|0.000000|0.000000|0.000000
68.292839|129.719391|69.246918|80.133141|70.632965
59.494530|62.458027|61.469017|61.751667|61.287323
64.928345|71.423706|68.968529|122.179718|66.754753
61.939445|59.958382|58.742474|64.817604|101.517380
81.384933|141.479614|71.262756|78.813171|78.076965
58.023796|57.372803|55.564327|104.941223|58.293179
62.088413|56.309464|53.246124|55.581192|54.139763
62.196545|60.250351|60.494156|60.633369|60.526428
77.975723|119.234497|85.034637|75.185204|67.976822
61.606392|60.649872|57.879517|77.678513|53.827850
119.763474|148.543900|103.960587|112.597183|111.812210
0.000000|0.000000|0.000000|0.000000|0.000000
0.000000|0.000000|0.000000|0.000000|0.000000
0.000000|0.000000|0.000000|0.000000|0.000000
101.091827|127.389450|99.304756|98.380997|93.927231
58.331676|58.329460|57.906319|58.429337|63.076126
72.159920|114.448776|72.890045|76.765610|79.444351
0.000000|0.000000|0.000000|0.000000|0.000000
150.199005|142.360474|142.290649|142.280472|138.971298
148.151154|84.347260|86.160385|79.838760|73.125290
138.497604|85.282227|101.273651|86.092949|110.252289
61.240646|63.880333|57.771904|121.489212|56.652187
58.205769|107.303345|56.874687|62.152992|56.273552
0.000000|0.000000|0.000000|0.000000|0.000000
63.406326|114.396103|62.234943|65.869759|66.440521
0.000000|0.000000|0.000000|0.000000|0.000000
78.450470|144.885666|73.722519|71.263481|75.089363
62.790352|51.860992|57.400230|53.282341|61.579376
82.046539|81.624290|75.611259|76.469223|130.795654
57.138054|59.204308|55.106411|79.699646|56.720703
0.000000|0.000000|0.000000|0.000000|0.000000
0.000000|0.000000|0.000000|0.000000|0.000000
0.000000|0.000000|0.000000|0.000000|0.000000
0.000000|0.000000|0.000000|0.000000|0.000000
118.276520|151.396042|110.855667|115.238434|111.955338
0.000000|0.000000|0.000000|0.000000|0.000000
91.714081|97.053787|87.645142|89.249512|132.099060
0.000000|0.000000|0.000000|0.000000|0.000000
130.960556|129.553329|133.620163|131.047882|129.916107
0.000000|0.000000|0.000000|0.000000|0.000000
114.298721|135.133774|108.388641|105.672478|109.482758
61.906719|62.685616|61.389099|61.780228|62.385124
151.661499|154.280029|142.369034|138.699646|142.441971
88.407257|88.995132|130.895691|85.494171|82.778229
152.776077|99.347313|99.430695|105.468201|101.445984
133.732742|109.058380|103.695938|101.778442|101.886642
135.556564|135.487518|130.230072|129.122986|147.285004
107.038254|110.217819|143.217285|116.879990|109.755905
134.484955|135.168884|129.917831|144.028076|133.587830
97.319031|104.680855|108.271927|135.980286|99.632919
129.022079|133.328339|130.116791|125.790558|143.054535
98.876221|103.847366|131.960648|98.782562|101.562256
112.744461|115.954697|110.361176|139.386917|113.690269
113.515305|116.312012|116.248047|135.217499|112.671890
145.483398|151.764069|136.058441|138.580444|134.056915
0.000000|0.000000|0.000000|0.000000|0.000000
0.000000|0.000000|0.000000|0.000000|0.000000
0.000000|0.000000|0.000000|0.000000|0.000000
118.821205|145.854889|115.566391|116.215820|103.131264
66.958855|63.753578|62.489521|65.752441|111.995209
60.037952|62.595963|62.074398|59.086617|108.204178
0.000000|0.000000|0.000000|0.000000|0.000000
138.590225|142.545837|136.207367|132.307434|135.826324
56.646084|65.835632|54.789230|56.472160|56.924694
138.807892|111.786667|107.498672|106.609482|110.104614
0.000000|0.000000|0.000000|0.000000|0.000000
79.309753|85.953506|82.232521|147.782776|86.835899
85.267654|93.274368|145.327179|75.324036|90.874062
125.342682|92.640167|81.283325|80.547424|71.522224
122.148483|76.043259|80.335144|75.411880|70.309952
87.395988|127.957787|91.741196|97.216133|99.524002
61.910011|65.788750|121.551910|67.213997|64.468376
152.215759|141.002518|141.773941|140.773453|144.242859
90.230453|93.118431|98.773331|132.068390|98.209900
88.993820|122.197845|83.223434|91.532585|97.753815
84.688248|95.612190|129.660065|86.472061|91.112946
143.286057|149.853027|136.472198|138.930389|138.088196
86.013176|96.437614|89.005569|129.303345|97.421234
0.000000|0.000000|0.000000|0.000000|0.000000
0.000000|0.000000|0.000000|0.000000|0.000000
0.000000|0.000000|0.000000|0.000000|0.000000
0.000000|0.000000|0.000000|0.000000|0.000000
56.215679|62.824520|55.806915|57.082542|55.410019
0.000000|0.000000|0.000000|0.000000|0.000000
55.704437|105.074547|56.735306|58.591797|61.391617
48.335320|62.940895|56.624447|61.091228|55.575188
76.084671|135.629242|82.209312|87.241882|88.967590
0.000000|0.000000|0.000000|0.000000|0.000000
54.856613|96.096649|57.083488|58.695992|57.830116
0.000000|0.000000|0.000000|0.000000|0.000000
0.000000|0.000000|0.000000|0.000000|0.000000
0.000000|0.000000|0.000000|0.000000|0.000000
0.000000|0.000000|0.000000|0.000000|0.000000
0.000000|0.000000|0.000000|0.000000|0.000000
59.672634|59.088512|59.125671|60.922974|83.268127
70.586639|66.766243|63.871391|64.841621|120.822968
64.404381|69.465164|64.212723|65.714890|127.089127
58.333885|61.363922|59.199253|73.010712|59.190666
66.059273|69.588615|60.819626|120.576309|71.769073
59.219414|75.020905|59.490494|58.810669|59.244110
70.382828|131.549728|66.042206|67.726425|64.833763
65.732224|67.117996|66.155823|66.310074|65.885742
0.000000|0.000000|0.000000|0.000000|0.000000
0.000000|0.000000|0.000000|0.000000|0.000000
0.000000|0.000000|0.000000|0.000000|0.000000
0.000000|0.000000|0.000000|0.000000|0.000000
57.109100|60.332527|57.151962|63.192806|90.581924
0.000000|0.000000|0.000000|0.000000|0.000000
57.480171|81.944534|56.676689|56.460228|59.427208
60.045280|60.901871|59.757248|92.207184|59.491570
75.756989|125.593536|72.334145|72.786484|71.811111
57.672577|57.528618|57.231468|59.283287|81.588272
56.150818|57.602745|56.334930|56.840996|79.773186
0.000000|0.000000|0.000000|0.000000|0.000000
0.000000|0.000000|0.000000|0.000000|0.000000
0.000000|0.000000|0.000000|0.000000|0.000000
0.000000|0.000000|0.000000|0.000000|0.000000
0.000000|0.000000|0.000000|0.000000|0.000000
56.090996|59.521935|57.009422|60.401810|59.031876
58.971630|59.794540|59.930748|64.455994|115.372620
59.974499|62.230606|59.769329|59.529495|103.578545
57.537506|66.160339|62.447289|65.168640|62.073917
52.739902|53.115582|54.318680|80.381699|52.452240
0.000000|0.000000|0.000000|0.000000|0.000000
99.532639|145.424530|88.843918|82.361069|88.325027
61.329758|61.112396|61.249229|61.359795|59.986961
120.925095|60.049938|55.978561|56.564041|56.860661
0.000000|0.000000|0.000000|0.000000|0.000000
63.310638|63.856590|54.999702|56.804913|71.754852
0.000000|0.000000|0.000000|0.000000|0.000000
0.000000|0.000000|0.000000|0.000000|0.000000
0.000000|0.000000|0.000000|0.000000|0.000000
0.000000|0.000000|0.000000|0.000000|0.000000
0.000000|0.000000|0.000000|0.000000|0.000000
92.905022|93.163910|99.889557|136.138336|99.762451
0.000000|0.000000|0.000000|0.000000|0.000000
60.625919|62.678036|58.826126|61.571911|104.718658
0.000000|0.000000|0.000000|0.000000|0.000000
122.322540|61.545593|60.425308|60.980022|57.784683
92.170097|58.066849|58.316769|58.602875|58.603573
58.872135|58.710106|57.223526|58.558140|73.886925
58.795609|58.151543|58.029968|84.017265|56.948734
59.941849|118.930725|61.937859|62.883736|64.401375
0.000000|0.000000|0.000000|0.000000|0.000000
56.547153|94.716812|58.890587|60.622467|59.237213
60.506683|64.507568|62.053154|62.100502|61.213123
62.416077|116.286591|60.068802|64.383156|66.107819
85.937279|56.512115|56.964142|58.843544|57.685993
67.100838|116.244049|64.606155|65.184875|63.189526
57.559128|57.321350|67.301544|57.476231|57.350784
70.835541|56.007172|55.422840|55.968357|55.679474
110.429176|58.084896|57.703140|57.916451|57.603424
60.159481|62.243526|56.046394|56.503849|59.833153
62.089981|61.887253|62.064812|62.038803|54.433144
62.334732|68.096161|61.824432|62.043026|62.172527
0.000000|0.000000|0.000000|0.000000|0.000000
0.000000|0.000000|0.000000|0.000000|0.000000
0.000000|0.000000|0.000000|0.000000|0.000000
113.845718|63.885429|59.045582|60.706398|61.123619
56.715385|56.924164|64.567673|57.768303|55.932205
109.392227|57.685463|55.405342|63.509636|56.993347
0.000000|0.000000|0.000000|0.000000|0.000000
94.681587|145.279816|78.835541|81.870636|81.974396
148.071503|91.451172|77.199150|76.374413|75.392990
71.628769|57.672897|57.474407|57.190655|58.763771
60.700546|59.717644|58.435596|91.410210|59.709263
55.847542|79.943069|54.112907|56.509468|56.403519
0.000000|0.000000|0.000000|0.000000|0.000000
58.020969|90.923119|56.805473|59.274742|57.673470
0.000000|0.000000|0.000000|0.000000|0.000000
54.152496|101.351364|56.250282|54.504990|53.783325
60.530647|58.656334|60.056854|60.091927|85.455780
55.792526|109.255630|55.196548|54.670769|56.868843
61.851982|58.689957|57.652592|58.465336|58.645100
0.000000|0.000000|0.000000|0.000000|0.000000
0.000000|0.000000|0.000000|0.000000|0.000000
0.000000|0.000000|0.000000|0.000000|0.000000
0.000000|0.000000|0.000000|0.000000|0.000000
0.000000|0.000000|0.000000|0.000000|0.000000
0.000000|0.000000|0.000000|0.000000|0.000000
56.016720|57.203430|54.551132|55.201668|76.309036
0.000000|0.000000|0.000000|0.000000|0.000000
131.133179|135.823639|131.263855|131.226593|129.329041
0.000000|0.000000|0.000000|0.000000|0.000000
95.903427|123.669601|90.202263|93.243408|96.554382
64.554550|64.325287|61.953449|64.642921|61.269241
95.367195|82.388824|82.203392|95.752930|129.097015
129.869385|66.330070|61.716858|68.815231|59.756149
127.738968|72.539825|80.531815|88.186951|82.744049
133.556763|75.715958|88.267677|79.675385|80.184372
147.643860|121.652359|118.432671|116.416061|116.290207
73.584000|72.687637|133.111420|79.863770|79.150574
114.529785|108.363892|102.166534|106.357376|144.287033
72.024216|89.421875|71.864769|127.460510|73.492035
120.860168|143.983627|121.729744|122.461220|123.525208
99.516586|99.917511|95.055496|99.442383|134.176834
103.105614|104.696045|103.130203|106.329979|134.234558
54.442825|55.411434|53.637276|92.020493|54.296997
66.976837|67.849281|59.673790|59.798576|61.755882
0.000000|0.000000|0.000000|0.000000|0.000000
0.000000|0.000000|0.000000|0.000000|0.000000
0.000000|0.000000|0.000000|0.000000|0.000000
56.968414|85.696594|56.861214|56.981155|57.397736
80.284592|74.029022|68.955856|78.442001|120.059921
60.277603|60.352978|59.927368|60.022171|80.579002
0.000000|0.000000|0.000000|0.000000|0.000000
115.358292|138.957428|114.148262|115.221626|113.878174
56.401749|57.971901|74.292633|56.859215|56.678116
83.963249|125.028976|83.076012|83.070847|80.013535
0.000000|0.000000|0.000000|0.000000|0.000000
93.343735|58.280037|55.867905|60.739174|57.839981
66.786377|63.447739|129.409485|59.131401|60.508991
120.738495|63.541183|63.178314|72.146950|64.643501
57.496956|57.676132|58.012169|106.418182|57.646805
61.219643|121.060768|64.891090|62.708427|62.638245
74.853020|83.668777|136.172974|82.809158|76.866135
91.553299|81.931534|84.313217|87.988647|134.117783
58.915947|57.944611|58.984154|87.838303|58.691612
111.800369|99.893738|98.981140|98.306580|94.804413
56.752945|57.271614|100.212997|58.914505|60.511604
106.647842|104.104507|95.734032|103.401016|139.187042
54.856750|53.837364|55.217098|71.134140|53.733780
0.000000|0.000000|0.000000|0.000000|0.000000
0.000000|0.000000|0.000000|0.000000|0.000000
0.000000|0.000000|0.000000|0.000000|0.000000
0.000000|0.000000|0.000000|0.000000|0.000000
59.008255|101.016632|56.045311|57.895821|56.809708
0.000000|0.000000|0.000000|0.000000|0.000000
67.727829|75.531990|64.701912|68.920044|134.872498
55.015434|67.942215|57.320621|69.082565|60.785789
59.583511|108.543297|64.158875|59.641586|57.140968
0.000000|0.000000|0.000000|0.000000|0.000000
84.711487|123.750580|82.309570|92.472160|86.240494
0.000000|0.000000|0.000000|0.000000|0.000000
0.000000|0.000000|0.000000|0.000000|0.000000
0.000000|0.000000|0.000000|0.000000|0.000000
0.000000|0.000000|0.000000|0.000000|0.000000
0.000000|0.000000|0.000000|0.000000|0.000000
59.515785|94.538284|58.455742|61.511459|59.105209
0.000000|0.000000|0.000000|0.000000|0.000000
56.840961|57.623299|58.841259|57.643650|79.461029
60.151806|61.048805|58.141388|110.018730|60.924210
64.286591|119.579132|59.437828|66.166183|68.607849
63.864380|57.629494|57.302742|57.576370|58.117447
100.057343|136.810303|92.495911|88.247185|92.176727
62.395695|65.462799|62.442543|62.371304|60.968647
0.000000|0.000000|0.000000|0.000000|0.000000
0.000000|0.000000|0.000000|0.000000|0.000000
0.000000|0.000000|0.000000|0.000000|0.000000
0.000000|0.000000|0.000000|0.000000|0.000000
59.812149|64.811119|57.605492|114.549019|62.307827
0.000000|0.000000|0.000000|0.000000|0.000000
60.878014|114.167603|56.402004|56.822517|63.444809
61.546890|64.274612|61.770454|108.228287|61.213959
72.706100|76.334290|70.882088|124.986458|72.550354
56.842804|63.068756|57.038277|58.419605|64.210861
84.508224|113.062042|76.628555|84.687180|75.175735
0.000000|0.000000|0.000000|0.000000|0.000000
0.000000|0.000000|0.000000|0.000000|0.000000
0.000000|0.000000|0.000000|0.000000|0.000000
0.000000|0.000000|0.000000|0.000000|0.000000
0.000000|0.000000|0.000000|0.000000|0.000000
54.079868|81.169334|57.116360|57.611240|56.337776
0.000000|0.000000|0.000000|0.000000|0.000000
63.050728|125.573502|62.785873|60.083305|69.666145
59.776817|68.387245|61.606697|64.874939|61.370171
55.776978|56.674080|54.373711|90.217712|54.572594
0.000000|0.000000|0.000000|0.000000|0.000000
127.305359|66.742447|66.137527|63.919281|62.700401
63.725853|63.628925|63.717064|64.448448|63.721943
143.865509|118.031944|97.083015|105.430107|98.277718
0.000000|0.000000|0.000000|0.000000|0.000000
73.159103|73.513962|62.347633|60.816704|73.505661
0.000000|0.000000|0.000000|0.000000|0.000000
0.000000|0.000000|0.000000|0.000000|0.000000
0.000000|0.000000|0.000000|0.000000|0.000000
0.000000|0.000000|0.000000|0.000000|0.000000
0.000000|0.000000|0.000000|0.000000|0.000000
92.696487|88.656754|91.630081|88.503632|135.557007
0.000000|0.000000|0.000000|0.000000|0.000000
98.110809|136.944046|91.217293|105.879120|100.795280
62.008911|62.773491|52.645668|52.882217|62.599014
61.925255|121.264343|61.291420|63.641922|58.208160
125.911423|59.351547|60.134010|59.628937|59.325954
59.460766|58.945152|56.803017|57.293518|114.510757
58.015942|58.195080|60.088982|92.437119|60.881443
65.240265|67.399635|67.759605|125.510925|64.162437
0.000000|0.000000|0.000000|0.000000|0.000000
57.564514|61.452858|59.465267|60.367229|112.812225
60.491692|65.722488|62.212273|62.932838|62.417076
58.864716|102.443085|55.444397|56.775452|53.509377
63.323730|60.574318|59.710350|61.456436|102.328033
75.346619|127.252762|65.483871|69.525482|70.054520
90.579987|56.362221|56.594826|56.572983|56.919739
60.024048|100.302887|60.344097|63.123611|59.796471
59.704559|59.783340|59.799046|74.078743|59.764870
59.452820|62.559055|57.654579|56.359474|59.407867
69.996178|62.291725|58.398277|69.778015|53.400833
61.165764|65.260422|59.031124|59.499763|59.996162
0.000000|0.000000|0.000000|0.000000|0.000000
0.000000|0.000000|0.000000|0.000000|0.000000
0.000000|0.000000|0.000000|0.000000|0.000000
137.259552|70.478897|82.207535|81.533203|84.823349
57.865627|59.989288|51.916710|55.452465|55.675034
135.598297|94.952003|93.283752|100.058105|87.972076
0.000000|0.000000|0.000000|0.000000|0.000000
68.991608|132.559357|62.739281|64.608253|64.015984
148.157471|82.976425|82.365044|78.550568|75.115295
86.902000|72.524284|86.372482|71.801758|145.286713
58.997810|59.469261|55.813545|83.689972|56.962311
55.202877|75.929474|54.202896|58.736511|55.015068
0.000000|0.000000|0.000000|0.000000|0.000000
62.634682|60.757442|56.229839|59.778404|117.036758
0.000000|0.000000|0.000000|0.000000|0.000000
63.612221|121.848572|63.470642|64.603081|62.859692
59.988182|60.223572|59.758640|59.819702|65.753319
55.036163|101.591179|54.936871|55.456490|54.881378
58.231129|58.220032|55.625557|58.160961|70.983177
0.000000|0.000000|0.000000|0.000000|0.000000
0.000000|0.000000|0.000000|0.000000|0.000000
0.000000|0.000000|0.000000|0.000000|0.000000
0.000000|0.000000|0.000000|0.000000|0.000000
66.602585|126.177444|63.190090|63.202637|63.188904
0.000000|0.000000|0.000000|0.000000|0.000000
56.450462|59.480865|55.894028|56.176010|76.515404
0.000000|0.000000|0.000000|0.000000|0.000000
130.426895|134.559082|129.013931|130.554565|127.856544
0.000000|0.000000|0.000000|0.000000|0.000000
110.217682|133.666321|105.863190|108.977142|106.774536
57.874603|62.803703|50.242096|66.465012|55.594429
135.728424|154.232971|125.437881|129.970398|126.310379
79.857361|82.698776|123.700562|77.819046|76.596901
144.052994|87.762360|86.118973|92.301208|88.165451
138.815735|104.278717|106.224380|110.443405|110.153381
122.382629|144.423157|114.272644|116.800171|121.656303
86.559448|90.237411|136.820816|93.186630|89.864822
136.763779|144.167328|131.241241|130.071716|132.862335
118.828735|123.554832|128.152710|138.946167|118.042084
122.956314|141.760620|124.153175|127.712982|127.641525
87.603043|94.860504|93.461868|88.899254|134.354065
117.406822|141.284882|116.275925|119.307961|121.829819
111.635757|114.039627|114.326103|134.122787|110.010788
67.591217|77.844925|57.700058|58.974144|61.267651
0.000000|0.000000|0.000000|0.000000|0.000000
0.000000|0.000000|0.000000|0.000000|0.000000
0.000000|0.000000|0.000000|0.000000|0.000000
59.459007|73.054016|56.860329|57.267174|57.402672
0.000000|0.000000|0.000000|0.000000|0.000000
0.000000|0.000000|0.000000|0.000000|0.000000
0.000000|0.000000|0.000000|0.000000|0.000000
113.666489|138.818176|112.305153|109.338867|112.243332
56.655632|74.845276|60.854065|60.778297|56.962635
118.275925|141.153549|111.454681|121.149544|116.889145
0.000000|0.000000|0.000000|0.000000|0.000000
95.350479|82.811493|63.650131|150.661469|86.101875
61.669323|62.599998|115.960609|58.391445|60.813728
94.000465|60.668514|63.757233|62.981293|59.714638
65.024727|65.242813|68.998337|120.063324|63.302292
69.989304|120.831650|65.366478|68.870613|63.936966
77.765526|84.261719|145.661652|80.400604|87.390030
74.969093|72.178726|78.971313|78.444435|129.777756
96.877556|102.750717|104.192917|134.028885|98.377136
65.138992|67.301025|67.738632|121.077850|66.300537
54.613014|54.524246|95.864594|56.446995|56.550598
97.965553|90.719131|90.044647|90.034561|131.232208
88.540863|96.066742|88.666519|131.330627|92.334183
0.000000|0.000000|0.000000|0.000000|0.000000
0.000000|0.000000|0.000000|0.000000|0.000000
0.000000|0.000000|0.000000|0.000000|0.000000
0.000000|0.000000|0.000000|0.000000|0.000000
58.012924|105.064049|54.877190|56.763283|59.144836
0.000000|0.000000|0.000000|0.000000|0.000000
55.498741|68.154305|55.903214|56.468342|58.525238
55.255554|62.360203|57.531479|63.306725|58.876503
68.815414|74.011719|71.747925|114.839470|69.291107
0.000000|0.000000|0.000000|0.000000|0.000000
55.165611|66.637146|53.676682|53.718422|54.097542
0.000000|0.000000|0.000000|0.000000|0.000000
0.000000|0.000000|0.000000|0.000000|0.000000
0.000000|0.000000|0.000000|0.000000|0.000000
0.000000|0.000000|0.000000|0.000000|0.000000
0.000000|0.000000|0.000000|0.000000|0.000000
65.248291|131.298889|58.432465|69.301079|69.098267
78.795326|73.887665|70.638596|76.502106|127.295029
59.073391|61.332058|60.383148|58.936195|98.400452
54.767769|68.114128|57.511993|57.873619|56.685699
114.903549|120.013412|113.422638|139.307739|123.415092
92.898026|58.621822|59.517914|58.479317|61.786354
98.410202|54.985439|54.649590|55.448067|56.794296
61.481514|61.855892|61.584522|61.632462|71.260071
0.000000|0.000000|0.000000|0.000000|0.000000
0.000000|0.000000|0.000000|0.000000|0.000000
0.000000|0.000000|0.000000|0.000000|0.000000
0.000000|0.000000|0.000000|0.000000|0.000000
57.581501|105.779266|57.440048|61.520409|59.620705
0.000000|0.000000|0.000000|0.000000|0.000000
59.268135|84.020126|57.423035|59.023155|61.840786
53.893154|62.207214|62.036835|73.998672|62.116882
90.307068|96.009453|91.419304|136.912003|90.863029
57.526619|60.718384|57.681740|53.943413|66.020996
56.315071|56.253181|57.844090|61.894623|80.485947
0.000000|0.000000|0.000000|0.000000|0.000000
0.000000|0.000000|0.000000|0.000000|0.000000
0.000000|0.000000|0.000000|0.000000|0.000000
0.000000|0.000000|0.000000|0.000000|0.000000
0.000000|0.000000|0.000000|0.000000|0.000000
70.334114|141.241974|74.724739|71.649925|70.970856
60.362907|60.548058|60.742050|61.522789|91.921616
59.828178|65.963715|61.779442|60.233620|96.353424
54.436810|58.447617|57.524139|63.167717|57.248493
62.017471|59.199299|63.170242|101.840034|58.307770
0.000000|0.000000|0.000000|0.000000|0.000000
58.854038|121.697021|62.407509|58.858330|64.277328
60.684952|59.931965|59.534496|61.367516|60.354340
62.958263|116.206314|59.970062|57.638367|58.465218
0.000000|0.000000|0.000000|0.000000|0.000000
0.000000|0.000000|0.000000|0.000000|0.000000
0.000000|0.000000|0.000000|0.000000|0.000000
0.000000|0.000000|0.000000|0.000000|0.000000
0.000000|0.000000|0.000000|0.000000|0.000000
0.000000|0.000000|0.000000|0.000000|0.000000
0.000000|0.000000|0.000000|0.000000|0.000000
134.805298|140.315277|133.240616|134.523010|136.132324
0.000000|0.000000|0.000000|0.000000|0.000000
58.090256|61.101776|58.649910|62.944046|105.647652
49.799751|62.889851|49.533119|44.429165|60.408157
138.026794|79.937691|65.286438|71.222694|57.852875
65.255585|59.511650|59.972565|59.275040|59.312504
62.720345|60.574490|58.900970|58.866825|116.477844
58.099445|57.606091|55.806900|75.040512|54.835587
62.107651|121.931503|66.948486|68.364296|69.005363
0.000000|0.000000|0.000000|0.000000|0.000000
58.107330|107.234436|57.579887|60.492172|59.879929
59.773964|63.467560|59.771782|61.057980|60.330029
92.072144|132.185440|87.786255|95.149376|92.668182
75.892677|56.473335|57.915504|58.099957|55.640678
60.611725|104.928406|60.079865|61.204659|58.295158
56.091202|57.654007|55.960968|92.249985|54.448326
58.772614|56.353867|57.151237|92.067741|57.243217
65.446838|62.130096|60.967907|61.300446|61.347588
61.022209|62.506851|54.892258|55.257038|61.559898
60.287605|59.799126|60.130558|61.443447|52.742100
94.030045|140.454636|81.837769|86.178856|89.243774
0.000000|0.000000|0.000000|0.000000|0.000000
0.000000|0.000000|0.000000|0.000000|0.000000
0.000000|0.000000|0.000000|0.000000|0.000000
114.085266|67.316376|67.890343|65.709595|65.719055
58.483658|63.292175|57.698624|57.193825|55.705997
56.632099|81.597153|54.590530|55.114502|55.767433
0.000000|0.000000|0.000000|0.000000|0.000000
119.563644|73.895523|64.702576|65.478882|61.377747
148.145615|81.239540|82.987228|79.084518|75.607643
59.344604|59.023857|58.992264|57.630447|79.409500
62.696743|65.146675|56.281998|119.999619|62.046291
89.473251|136.903717|65.612221|73.302292|72.613647
0.000000|0.000000|0.000000|0.000000|0.000000
57.481968|69.738998|57.220238|55.069008|58.390934
0.000000|0.000000|0.000000|0.000000|0.000000
58.901936|116.961884|59.257477|59.969231|57.666969
58.213158|57.982422|59.499718|59.761604|75.758041
56.195477|55.749962|54.167740|53.900852|88.006531
70.015724|57.468811|55.953049|58.970367|57.161156
0.000000|0.000000|0.000000|0.000000|0.000000
0.000000|0.000000|0.000000|0.000000|0.000000
0.000000|0.000000|0.000000|0.000000|0.000000
0.000000|0.000000|0.000000|0.000000|0.000000
71.267899|131.733246|72.634918|75.718040|69.557991
0.000000|0.000000|0.000000|0.000000|0.000000
56.351372|57.162006|54.370064|55.006500|72.852356
0.000000|0.000000|0.000000|0.000000|0.000000
104.605873|107.990219|106.957611|132.507172|107.290131
0.000000|0.000000|0.000000|0.000000|0.000000
62.271820|101.860153|58.999847|58.761681|57.817558
62.421394|62.291195|62.177689|62.398773|62.432571
141.039215|155.484924|130.806625|129.239685|131.781494
109.196671|61.462379|60.528587|61.457664|60.367863
119.750587|71.514618|66.638298|69.281769|70.821259
100.143318|101.504471|78.038864|141.847900|104.429314
136.093140|149.183777|129.036194|129.492188|134.955627
101.337296|106.197403|111.598122|106.284065|138.925079
108.485840|104.956131|102.223946|151.177170|112.620148
79.345299|76.699562|123.320366|85.126175|75.562828
123.268028|125.127670|125.812584|126.386093|140.697479
110.529266|115.533752|116.360115|115.399971|136.317642
121.641899|141.407562|119.280121|125.781586|122.321030
87.852074|90.790817|83.753632|125.528297|79.691788
75.059410|134.075104|70.154457|68.077438|69.727921
0.000000|0.000000|0.000000|0.000000|0.000000
0.000000|0.000000|0.000000|0.000000|0.000000
0.000000|0.000000|0.000000|0.000000|0.000000
57.721260|97.463776|56.526115|58.078922|56.040691
61.657528|62.159203|61.168663|60.453651|82.049591
60.219666|60.198242|60.196644|60.076645|68.768677
0.000000|0.000000|0.000000|0.000000|0.000000
118.070343|138.365631|117.305901|118.914360|114.227394
0.000000|0.000000|0.000000|0.000000|0.000000
60.578220|61.408573|93.928024|54.447945|59.572929
0.000000|0.000000|0.000000|0.000000|0.000000
63.754486|59.483753|60.205967|119.403946|60.702312
119.738022|71.264938|69.257629|66.368149|67.300652
124.129066|71.924614|64.027565|64.230225|65.753685
60.326279|59.994293|60.030048|106.809082|57.710701
94.632462|104.610641|88.528687|141.808838|98.853081
75.491348|87.219574|145.543976|94.315239|92.488754
100.145775|100.068008|99.788727|140.807343|101.638489
60.158203|65.161377|65.892326|126.742020|65.691818
99.557144|144.812347|98.666435|103.730438|109.379562
61.919441|62.957653|112.278458|61.852936|62.239128
120.704010|142.621246|112.753082|115.775940|120.053543
80.551773|85.762115|85.223373|143.417648|86.045593
