0.000000|0.000000|0.000000|0.000000|0.000000
0.000000|0.000000|0.000000|0.000000|0.000000
3.999998|0.507096|-0.122954|-0.445708|-0.994080
-0.777014|-0.964116|-0.965381|-0.954495|-0.999999
-0.976938|0.786886|-0.818634|-0.947689|-0.998527
0.000000|0.000000|0.000000|0.000000|0.000000
0.000000|0.000000|0.000000|0.000000|0.000000
-0.894975|6.003450|-0.852512|1.297506|-0.992993
-0.946345|1.460326|-0.826957|0.158189|-0.882567
0.000000|0.000000|0.000000|0.000000|0.000000
-0.870117|-0.837721|-0.965642|-0.920019|-0.993929
-0.963607|-0.442690|-0.998223|-0.951435|-0.999489
0.000000|0.000000|0.000000|0.000000|0.000000
0.000000|0.000000|0.000000|0.000000|0.000000
1.160036|-0.683605|-0.460761|-0.967827|0.005325
2.566056|1.009112|-0.431200|0.963342|-0.459640
0.000000|0.000000|0.000000|0.000000|0.000000
-0.926902|-0.948285|-0.516543|-0.924722|-0.745554
-0.921315|-0.930295|2.964027|-0.975415|1.024049
0.000000|0.000000|0.000000|0.000000|0.000000
0.000000|0.000000|0.000000|0.000000|0.000000
-0.827052|-0.948527|-0.173973|-0.994996|-0.976154
-0.999999|-0.999927|-0.999926|-0.999297|-0.999925
-0.825841|-0.894105|-0.833377|-0.830696|-0.999999
-0.999589|-0.154805|-0.952055|-0.999157|-0.999441
1.117900|-0.641514|-0.183930|-0.864724|0.097003
0.000000|0.000000|0.000000|0.000000|0.000000
3.622127|1.618460|-0.426360|1.089208|0.463849
-0.999998|2.021213|-0.300953|-0.999979|-0.779125
0.000000|0.000000|0.000000|0.000000|0.000000
-0.999920|0.144103|-0.999990|-0.999988|-0.506125
0.668055|1.267087|-0.315280|7.669484|2.146528
0.000000|0.000000|0.000000|0.000000|0.000000
-0.186777|-0.960500|-0.813653|-0.346723|-0.569558
-0.999999|-0.999999|-0.999999|-0.999999|-0.999999
-0.979018|-0.808366|1.586918|-0.709706|-0.999999
2.855042|0.122234|-0.338684|1.069726|-0.416475
-0.336579|-0.301663|-0.431200|-0.393405|-0.336580
4.006921|-0.949113|2.683136|2.472774|-0.937328
0.000000|0.000000|0.000000|0.000000|0.000000
0.000000|0.000000|0.000000|0.000000|0.000000
-0.958040|-0.957979|3.999976|-0.737893|-0.942963
1.750925|2.462725|2.012686|1.549570|4.250831
-0.999480|-0.999451|-0.532329|-0.974389|-0.999468
-0.449667|-0.074299|-0.999999|-0.535531|-0.843498
0.000000|0.000000|0.000000|0.000000|0.000000
-0.990846|-0.990712|-0.999990|-0.994407|-0.829339
0.472324|-0.423129|-0.955070|-0.858644|-0.504268
4.000005|1.390752|0.130985|3.263944|-0.999015
0.000000|0.000000|0.000000|0.000000|0.000000
3.761846|-0.690971|1.899879|3.498600|-0.796093
0.000000|0.000000|0.000000|0.000000|0.000000
-0.861812|0.886037|1.538517|4.000516|-0.949801
0.000000|0.000000|0.000000|0.000000|0.000000
1.303967|7.491462|1.069222|2.040563|0.870428
-0.999999|0.175568|-0.719004|-0.440122|-0.945912
-0.885820|-0.820437|-0.984852|-0.495977|-0.834208
0.000000|0.000000|0.000000|0.000000|0.000000
-0.999874|-0.543931|-0.999884|-0.999865|-0.999887
-0.986158|-0.250258|-0.999999|-0.957692|-0.995616
0.000000|0.000000|0.000000|0.000000|0.000000
0.570500|-0.050000|0.456492|0.209912|0.145239
0.000000|0.000000|0.000000|0.000000|0.000000
4.222660|1.642927|-0.602785|0.934478|1.832080
0.000000|0.000000|0.000000|0.000000|0.000000
-0.816307|-0.801898|0.313145|-0.687540|3.377510
-0.971906|-0.866127|-0.998413|-0.945621|-0.382062
1.628547|1.332332|4.000008|1.247702|2.393412
0.000000|0.000000|0.000000|0.000000|0.000000
-0.971185|-0.999998|-0.809349|-0.999568|-0.946496
-0.999924|-0.999999|-0.999999|-0.999999|-0.976184
-0.928890|-0.999959|-0.850901|-0.844003|-0.999955
1.117730|-0.543302|-0.889468|-0.904193|-0.919005
3.785066|-0.278702|1.069426|1.549100|1.123053
0.000000|0.000000|0.000000|0.000000|0.000000
1.744434|3.090958|-0.984520|1.598267|-0.979359
-0.702080|0.140021|-0.969699|-0.225388|-0.999999
-0.521755|0.657158|1.327039|-0.336322|1.781795
-0.759556|-0.265071|-0.697269|-0.841245|-0.574640
0.264301|-0.243303|-0.889408|2.467181|-0.979942
-0.820077|0.310232|-0.999999|-0.889394|-0.999999
-0.826019|-0.948014|-0.829931|-0.981700|-0.822977
-0.999057|-0.999045|-0.999089|-0.935699|-0.992589
4.374751|-0.939110|-0.999886|0.489580|-0.999778
4.138577|1.289623|0.062145|2.550685|-0.991757
0.584281|0.000000|-0.097500|-0.142625|0.000000
3.998158|-0.927572|2.920190|-0.970964|-0.928871
0.000000|0.000000|0.000000|0.000000|0.000000
-0.235445|1.122312|0.870882|5.294796|-0.415687
-0.934029|-0.951587|0.164653|-0.977533|-0.697879
2.843579|3.317199|2.633351|1.863742|0.840413
-0.988117|-0.986850|0.632197|0.028666|-0.999318
1.389296|-0.306955|-0.938835|-0.296045|-0.999619
-0.605188|-0.736480|-0.785361|-0.659439|-0.558285
-0.988586|-0.826080|-0.999999|-0.987003|-0.986777
-0.859864|-0.660218|-0.980687|-0.989034|-0.991419
5.118015|1.987590|2.911652|0.887587|0.129932
0.000000|0.000000|0.000000|0.000000|0.000000
0.000000|0.000000|0.000000|0.000000|0.000000
-0.926902|-0.923055|-0.923055|-0.923055|-0.923055
0.092195|5.163282|-0.887294|2.089739|0.108525
0.000000|0.000000|0.000000|0.000000|0.000000
0.000000|0.000000|0.000000|0.000000|0.000000
0.000000|0.000000|0.000000|0.000000|0.000000
-0.333350|2.270888|-0.621390|-0.676353|-0.929117
0.000000|0.000000|0.000000|0.000000|0.000000
-0.830451|-0.870943|-0.624556|-0.855067|-0.984100
-0.999999|-0.861192|-0.974410|-0.981970|-0.999947
17.831095|19.009832|16.677351|13.231647|16.672861
0.411792|-0.061535|0.004296|-0.536709|0.222389
-0.264908|-0.097500|-0.185494|-0.185494|-0.035477
0.000000|0.000000|0.000000|0.000000|0.000000
8.882076|8.011328|-0.970085|-0.976135|10.920012
-0.097500|-0.142625|1.820176|-0.007466|0.164508
16.672686|16.674858|-0.999926|17.833622|-0.998433
0.000000|0.000000|0.000000|0.000000|0.000000
-0.999999|-0.999999|-0.999999|-0.999999|-0.999999
-0.933350|-0.999999|-0.918946|-0.999846|-0.924039
-0.999999|-0.999999|-0.999999|-0.999999|-0.999999
-0.999923|-0.999932|-0.990769|-0.999819|-0.919323
0.182692|-0.681376|-0.625592|3.741420|-0.932739
2.456429|0.450047|-0.377584|-0.339031|0.600930
1.466822|-0.337054|-0.946993|-0.247318|0.367538
-0.999999|-0.806472|-0.999999|-0.999999|-0.999999
-0.904297|0.073522|-0.999999|3.185512|-0.999999
-0.111977|-0.217827|-0.192136|-0.370095|1.807028
-0.408256|2.316772|-0.663263|-0.501175|0.166684
0.000000|0.000000|0.000000|0.000000|0.000000
-0.999999|0.785934|-0.970996|-0.511800|-0.998514
-0.971793|-0.999112|-0.510833|-0.839174|-0.813494
-0.991526|-0.925726|-0.979934|-0.997988|-0.977397
0.000000|0.000000|0.000000|0.000000|0.000000
1.702728|-0.923055|-0.039822|2.817180|-0.973796
0.050408|-0.863132|-0.493308|-0.944875|-0.459809
-0.097500|-0.336580|-0.172479|-0.401263|-0.012741
-0.229293|-0.993125|-0.818862|-0.780272|-0.989021
-0.961858|0.329384|-0.155511|2.603384|-0.992731
-0.512325|-0.226219|0.032395|-0.226219|-0.461768
0.000000|0.000000|0.000000|0.000000|0.000000
-0.999067|-0.994139|-0.555512|0.016701|-0.994688
-0.969955|0.544790|-0.991119|-0.677193|-0.997835
-0.431200|-0.431200|-0.298917|-0.336579|0.663605
0.000000|0.000000|0.000000|0.000000|0.000000
-0.999592|-0.999999|-0.968214|-0.958607|-0.999999
0.000000|0.000000|0.000000|0.000000|0.000000
-0.857604|-0.738198|-0.864724|-0.871488|-0.850110
4.171473|-0.419652|1.428661|-0.912160|-0.537463
-0.948444|-0.911790|-0.949908|-0.990521|-0.999238
-0.743914|2.955282|-0.214338|1.173921|-0.407040
0.000000|0.000000|0.000000|0.000000|0.000000
0.000000|0.000000|0.000000|0.000000|0.000000
-0.999883|6.707423|-0.457708|3.344371|0.287648
-0.560870|2.371309|-0.943860|-0.222905|-0.896218
0.000000|0.000000|0.000000|0.000000|0.000000
-0.999930|-0.787447|-0.999971|-0.999922|-0.999922
-0.753251|-0.491874|-0.835253|-0.515541|-0.999945
-0.518778|-0.994850|-0.999199|-0.998916|-0.999348
0.000000|0.000000|0.000000|0.000000|0.000000
3.949363|1.770690|1.839764|1.466978|-0.610394
4.000029|2.307899|-0.840875|1.557688|-0.826851
1.370718|3.999998|2.194402|-0.585063|3.708819
-0.996072|-0.994954|-0.327128|-0.961334|-0.311371
-0.961436|-0.385436|0.338527|-0.898927|-0.058636
2.394591|8.744384|1.563325|4.534232|0.693353
0.000000|0.000000|0.000000|0.000000|0.000000
-0.966864|-0.915725|0.158280|-0.996047|-0.926636
-0.978545|-0.971372|-0.981804|-0.765087|-0.971982
-0.631446|-0.430169|0.913108|-0.723035|-0.753361
-0.999719|0.760518|-0.928107|-0.987876|-0.784818
2.569900|0.868229|0.876367|0.261756|0.046400
0.000000|0.000000|0.000000|0.000000|0.000000
1.381732|2.513782|-0.022634|0.632594|-0.377176
-0.887794|4.054298|-0.311647|-0.942758|-0.137275
-0.185494|-0.050356|0.180888|-0.185494|-0.148536
-0.999900|-0.460335|-0.884223|-0.999821|0.552182
-0.774525|0.465568|1.036631|8.198041|2.412474
0.000000|0.000000|0.000000|0.000000|0.000000
-0.182543|-0.860625|-0.504238|-0.149168|-0.420281
-0.966911|-0.999304|-0.966550|-0.999285|-0.025713
-0.814577|0.371655|-0.903051|-0.823409|-0.912423
2.979542|-0.591473|0.518762|1.820727|-0.646311
-0.792718|-0.987581|-0.999999|-0.978936|-0.999999
3.295599|-0.395978|2.033537|0.646477|-0.154586
0.000000|0.000000|0.000000|0.000000|0.000000
-0.879544|5.671144|0.801563|-0.078067|1.071767
-0.995419|-0.927463|4.009055|-0.868084|-0.995419
0.000000|0.000000|0.000000|0.000000|0.000000
-0.647020|-0.625727|2.359927|2.964007|2.692964
-0.827332|-0.874466|-0.971655|-0.871928|-0.874852
0.000000|0.000000|0.000000|0.000000|0.000000
-0.994389|-0.994427|-0.994594|-0.994408|-0.994665
-0.433036|-0.668603|-0.636160|-0.906458|-0.883598
4.246868|0.182444|-0.845333|3.009187|-0.999957
0.996143|-0.946867|-0.975106|0.377030|-0.314194
4.852071|-0.959697|2.994831|4.496125|-0.995127
-0.905215|-0.996632|-0.979552|-0.995692|-0.998271
0.064288|1.179494|0.006240|3.437073|-0.457643
0.000000|0.000000|0.000000|0.000000|0.000000
2.964011|0.893786|3.077062|0.778002|3.841788
-0.999999|-0.830379|-0.934451|0.638872|-0.994804
-0.865339|-0.724663|-0.942317|-0.399011|-0.868474
0.000000|0.000000|0.000000|0.000000|0.000000
-0.978408|0.088089|-0.983501|-0.994078|-0.979468
-0.998604|-0.681204|-0.993174|-0.988892|-0.994191
0.000000|0.000000|0.000000|0.000000|0.000000
1.792858|-0.099868|0.256482|0.262272|0.159879
0.000000|0.000000|0.000000|0.000000|0.020589
0.000000|0.000000|0.000000|0.000000|0.000000
0.000000|0.000000|0.000000|0.000000|0.000000
-0.969848|-0.989458|-0.288339|-0.860095|0.344398
-0.974332|-0.999999|-0.999999|-0.999999|-0.671450
-0.469083|-0.253308|4.324370|0.307351|0.409942
0.000000|0.000000|0.000000|0.000000|0.000000
-0.998397|-0.999564|-0.933613|-0.999646|-0.877483
-0.999999|-0.999999|-0.999999|-0.999999|-0.999999
-0.977856|-0.999081|-0.812884|-0.919734|-0.999713
0.319517|-0.528221|-0.486658|-0.559874|-0.401263
4.164035|0.831482|0.796489|1.408454|2.777422
-0.804388|-0.759296|-0.979176|-0.998658|-0.802304
4.098100|3.203361|-0.878431|1.556467|-0.914209
-0.999989|3.999998|-0.705699|-0.895047|-0.974279
0.008467|0.357673|2.840344|0.376614|1.559582
-0.646671|-0.458137|-0.862243|-0.655710|1.715252
-0.191036|-0.386493|-0.904441|2.257029|-0.934590
-0.877675|0.146380|-0.999999|-0.878449|-0.999999
0.279823|-0.837413|-0.491637|-0.991946|-0.841163
-0.999999|-0.999999|-0.999999|-0.711967|-0.999994
0.418091|-0.964884|-0.999999|0.388950|-0.991489
4.490099|0.634939|-0.557708|2.789738|-0.999963
0.607960|-0.996254|-0.998592|-0.998592|-0.900405
3.483236|-0.999816|2.835391|-0.963727|-0.686233
-0.942136|-0.857593|-0.999999|-0.712387|-0.999999
0.757645|2.048578|1.086315|7.924322|0.064573
-0.884018|-0.915140|-0.910255|-0.930557|-0.721623
-0.044228|0.518591|-0.011517|-0.285260|1.545697
-0.985449|-0.969125|0.963059|3.077636|-0.999593
-0.781276|-0.659184|-0.971347|0.181007|-0.973177
-0.834157|-0.964352|-0.979723|-0.980737|-0.932330
-0.989615|-0.782641|-0.999999|-0.989558|-0.988935
-0.964790|-0.953906|-0.924709|0.269809|-0.966847
0.697551|-0.999778|-0.999440|3.931808|-0.999916
0.000000|0.000000|0.000000|0.000000|0.000000
0.000000|0.000000|0.000000|0.000000|0.000000
-0.997766|-0.997766|-0.984809|-0.997766|-0.997766
0.000000|0.000000|0.000000|0.000000|0.000000
0.000000|0.000000|0.000000|0.000000|0.000000
0.000000|0.000000|0.000000|0.000000|0.000000
0.000000|0.000000|0.000000|0.000000|0.000000
0.637159|1.239277|-0.207158|3.729144|-0.795990
0.000000|0.000000|0.000000|0.000000|0.000000
-0.992871|-0.999999|-0.999272|-0.992582|-0.977042
-0.999999|-0.961364|-0.984285|-0.991016|-0.999999
17.843830|19.015627|16.695351|12.872321|16.681839
1.174198|-0.426769|0.158945|-0.796093|3.126346
-0.706193|-0.785361|-0.692643|-0.622647|0.383796
0.000000|0.000000|0.000000|0.000000|0.000000
8.094884|7.227851|-0.991686|-0.969768|8.780939
-0.185494|-0.248595|2.001889|-0.051852|0.223071
16.675270|16.677631|-0.961252|17.829281|-0.999400
0.000000|0.000000|0.000000|0.000000|0.000000
-0.999999|-0.999999|-0.999999|-0.999999|-0.999999
-0.845714|-0.999999|-0.846607|-0.980332|-0.823275
-0.999999|-0.999999|-0.999999|-0.999999|-0.999999
-0.999999|-0.999999|-0.991826|-0.999997|-0.999178
1.983553|-0.999549|-0.987589|4.782956|-0.980598
2.571376|0.261010|-0.375248|-0.618415|1.366393
-0.092371|-0.436408|-0.953798|-0.650350|0.728969
-0.999999|-0.876625|-0.999999|-0.999999|-0.999999
0.000000|0.000000|0.000000|0.000000|0.000000
-0.227216|0.006779|0.078456|-0.565442|2.490305
-0.431089|0.117127|-0.500081|-0.826515|1.001987
0.000000|0.000000|0.000000|0.000000|0.000000
-0.999999|1.858766|-0.972776|0.676588|-0.999999
-0.949380|-0.998793|-0.447867|-0.596029|-0.588192
-0.999994|-0.998978|-0.999999|-0.999996|-0.999226
0.000000|0.000000|0.000000|0.000000|0.000000
1.668814|-0.999741|-0.289085|3.047635|-0.999199
-0.503681|-0.985388|-0.491805|-0.995062|0.852762
-0.336580|-0.536709|-0.205523|-0.486658|-0.020329
-0.391122|-0.999615|-0.766335|-0.474424|-0.997700
-0.988560|-0.320032|-0.068113|2.383302|-0.999397
-0.301663|-0.226219|0.011873|-0.459640|-0.220107
0.000000|0.000000|0.000000|0.000000|0.000000
-0.995314|-0.948130|-0.536078|-0.590065|-0.999231
-0.952983|2.079089|-0.969032|-0.793976|-0.954923
-0.658929|-0.692643|-0.449700|-0.676467|0.065823
0.000000|0.000000|0.000000|0.000000|0.000000
-0.999987|-0.999999|-0.995738|-0.992303|-0.999999
0.000000|0.000000|0.000000|0.000000|0.000000
-0.369751|-0.336580|-0.336580|-0.336580|-0.369751
4.000242|0.043164|-0.107659|-0.691818|0.149889
-0.135021|-0.550773|-0.968512|-0.561910|-0.999999
-0.999999|1.525263|-0.912597|-0.022367|-0.447812
-0.081602|-0.142352|0.741975|-0.107074|-0.142625
0.121659|-0.048888|0.209910|0.000000|1.532418
-0.984149|1.077426|-0.740656|2.819463|-0.773806
-0.849433|1.398206|-0.853603|-0.435836|-0.999860
0.000000|0.000000|0.000000|0.000000|0.000000
-0.970580|-0.886749|-0.970940|-0.970276|-0.970354
-0.949973|-0.889978|-0.946226|-0.750504|-0.999999
0.249245|-0.568889|-0.641514|-0.722610|-0.722610
0.000000|0.000000|0.000000|0.000000|0.000000
3.121142|0.017384|0.809643|-0.999521|-0.019122
4.048982|0.704228|0.376100|1.729622|-0.989043
0.000000|0.000000|0.000000|0.000000|0.000000
-0.970964|-0.953752|-0.226338|-0.968377|-0.240931
-0.960501|-0.906451|0.300188|-0.943121|0.694232
0.000000|0.000000|0.000000|0.000000|0.000000
0.000000|0.000000|0.000000|0.000000|0.000000
-0.797495|-0.968019|-0.125574|-0.991510|-0.874056
-0.999856|-0.982709|-0.959855|-0.999999|-0.919567
-0.935646|-0.839893|-0.838247|-0.837671|-0.881129
-0.999468|0.915612|-0.971544|-0.999984|-0.917464
2.191585|0.010230|0.090131|-0.275081|0.104237
0.000000|0.000000|0.000000|0.000000|0.000000
1.608241|2.562804|-0.302895|0.597859|0.384166
-0.857604|6.851694|-0.118995|-0.766945|-0.233396
-0.369751|-0.123054|0.428027|-0.416357|-0.279789
-0.185494|-0.164805|-0.018500|-0.486658|1.284332
0.000000|0.000000|0.000000|0.000000|0.000000
0.000000|0.000000|0.000000|0.000000|0.000000
-0.653480|-0.980561|-0.979521|-0.659606|-0.658720
-0.999999|-0.995190|-0.995258|-0.998970|-0.995298
-0.962688|-0.941043|0.774644|-0.705577|-0.999987
3.965176|0.365515|0.125795|1.676491|-0.955370
-0.983949|-0.984189|-0.985095|-0.984311|-0.983485
0.442087|-0.852996|2.972534|-0.185707|-0.941030
0.000000|0.000000|0.000000|0.000000|0.000000
-0.657525|4.514777|-0.048542|-0.616310|0.596668
-0.991946|-0.872534|0.500384|-0.817796|-0.874426
-0.634479|-0.451362|-0.354320|-0.253304|4.000005
-0.749405|-0.709909|1.477796|2.964007|1.861561
-0.455914|4.537883|-0.999926|0.600993|-0.949406
0.000000|0.000000|0.000000|0.000000|0.000000
-0.974302|-0.981911|-0.990343|-0.998504|-0.980627
-0.991167|-0.995797|-0.949564|-0.911543|-0.998626
4.032994|-0.080538|-0.678311|2.887367|-0.943617
0.000000|0.000000|0.000000|0.000000|0.000000
0.000000|0.000000|0.000000|0.000000|0.000000
-0.672367|-0.785362|-0.779872|-0.796093|-0.796093
-0.989417|-0.107874|-0.958899|3.570500|-0.992048
0.000000|0.000000|0.000000|0.000000|0.000000
-0.033992|4.616081|-0.523164|1.548205|1.245435
-0.997767|-0.958132|-0.982108|-0.557778|-0.999999
-0.930606|-0.745676|-0.940595|0.114960|-0.914947
0.000000|0.000000|0.000000|0.000000|0.000000
-0.988082|-0.588785|-0.988750|-0.988050|-0.988386
-0.998972|-0.972836|-0.995840|-0.973160|-0.990613
-0.077251|-0.090442|-0.226219|-0.050000|0.198015
1.068595|-0.088846|0.073770|0.209675|0.099487
0.358558|-0.097500|0.000000|0.000000|0.027535
0.343553|0.635943|-0.142625|0.428187|0.189162
0.000000|0.000000|0.000000|0.000000|0.000000
-0.648598|-0.927408|1.142045|-0.310220|0.580117
-0.980950|-0.975939|-0.997878|-0.882778|-0.555273
0.075822|0.616334|0.070218|1.337062|0.139483
0.000000|0.000000|0.000000|0.000000|0.000000
-0.999999|-0.999999|-0.327685|-0.996750|-0.928468
-0.999954|-0.999999|-0.980015|-0.999996|-0.999948
-0.914780|-0.999348|-0.721140|-0.572652|-0.999411
0.489455|-0.050000|-0.097500|-0.185494|-0.142625
4.482561|-0.358874|0.540653|0.642509|0.524873
0.452512|-0.478024|-0.486337|-0.431200|-0.235681
2.045901|0.568084|-0.336280|0.318266|-0.226219
0.799471|-0.869981|-0.905011|-0.801239|-0.999999
-0.400712|0.781630|0.725878|-0.320578|2.111819
-0.362458|-0.019079|-0.136903|-0.769838|1.391030
0.139239|-0.801715|-0.994671|2.402952|-0.995699
-0.682452|-0.979465|-0.999837|-0.827945|-0.998662
-0.386152|-0.908797|-0.240237|-0.975106|-0.880609
-0.999801|-0.999796|-0.999803|-0.999788|-0.985147
2.410724|-0.932672|-0.966134|-0.676307|-0.950914
4.055114|0.011383|-0.469594|2.773341|-0.999521
-0.536709|-0.475440|-0.459640|-0.459640|-0.486658
3.400440|-0.622647|2.101216|-0.602786|-0.622647
-0.866613|-0.746835|-0.980737|-0.737511|-0.976350
0.560140|2.828038|1.424216|3.585106|-0.136939
-0.369751|-0.336580|1.838559|-0.301663|-0.177065
2.868258|3.517078|2.470389|2.395473|0.220179
-0.983896|-0.961878|0.566399|0.658917|-0.997512
-0.475396|-0.483717|-0.929313|-0.040469|-0.990415
-0.464184|-0.486658|-0.486658|-0.486658|-0.486658
-0.938388|-0.665375|-0.999999|-0.937223|-0.999991
-0.548608|-0.910322|-0.977630|-0.975668|-0.999999
1.712223|1.505208|3.561881|1.066208|-0.753451
0.000000|0.000000|0.000000|0.000000|0.000000
0.000000|0.000000|0.000000|0.000000|0.000000
-0.722611|-0.581880|-0.559873|-0.512325|-0.622647
2.036402|4.126324|0.146952|2.272687|0.876975
0.000000|0.000000|0.000000|0.000000|0.000000
0.000000|0.000000|0.000000|0.000000|0.000000
0.000000|0.000000|0.000000|0.000000|0.000000
-0.806351|1.719156|-0.671183|-0.596678|-0.917730
0.000000|0.000000|0.000000|0.000000|0.000000
-0.996576|-0.656816|-0.991781|-0.999009|-0.991448
-0.999898|-0.918292|-0.999999|-0.997239|-0.999935
0.000000|0.000000|0.000000|0.000000|0.000000
0.015274|-0.097500|-0.017215|-0.185494|0.375912
-0.301663|-0.142625|-0.142625|-0.185494|-0.030539
0.000000|0.000000|0.000000|0.000000|0.000000
12.759308|17.848370|-0.999980|-0.998541|-0.992089
0.000000|0.000000|0.000000|0.000000|0.000000
0.000000|0.000000|0.000000|0.000000|0.000000
0.000000|0.000000|0.000000|0.000000|0.000000
-0.999999|-0.999999|-0.999999|-0.999999|-0.999999
-0.833609|-0.999999|-0.866699|-0.999853|-0.836387
-0.999999|-0.999999|-0.999999|-0.999999|-0.999999
-0.978656|-0.970965|-0.906669|-0.958422|-0.796926
0.246958|-0.681121|-0.500492|0.239888|-0.967737
1.781484|0.015355|-0.258076|-0.212535|0.373285
-0.237739|-0.201121|-0.950292|-0.328713|0.122401
-0.999277|-0.606226|-0.999441|-0.999799|-0.999411
-0.976334|0.295119|-0.999999|4.212544|-0.995023
-0.185935|-0.063043|-0.104676|-0.038823|1.754024
-0.746867|0.434906|-0.878718|-0.387505|-0.418724
0.000000|0.000000|0.000000|0.000000|0.000000
-0.996432|0.661042|-0.999999|0.144886|-0.999999
-0.784763|-0.996072|-0.361833|-0.928745|-0.901851
-0.999391|-0.841879|-0.983739|-0.974859|-0.984180
0.000000|0.000000|0.000000|0.000000|0.000000
2.188823|-0.749656|0.108950|2.813159|-0.815974
0.013101|-0.459640|-0.315748|-0.486658|0.104028
-0.142625|-0.264908|-0.124181|-0.226219|-0.078417
-0.214952|-0.970376|-0.746807|-0.925658|-0.994503
-0.940058|-0.229063|0.132698|2.697934|-0.969039
-0.185494|-0.097500|-0.048628|-0.185494|-0.093386
0.000000|0.000000|0.000000|0.000000|0.000000
-0.989072|-0.980977|-0.814619|-0.668069|-0.993293
-0.972451|0.226441|-0.963190|-0.669532|-0.989875
-0.142625|-0.097500|-0.015774|-0.185494|-0.051569
0.000000|0.000000|0.000000|0.000000|0.000000
-0.999482|-0.999999|-0.997006|-0.998589|-0.999999
0.000000|0.000000|0.000000|0.000000|0.000000
-0.708011|-0.619873|-0.708011|-0.722610|-0.708011
4.816970|0.365804|-0.057479|-0.701796|-0.600101
-0.956206|-0.939496|-0.868164|-0.453190|-0.999999
-0.999999|1.902992|-0.921166|0.632856|-0.066348
0.000000|0.000000|0.000000|0.000000|0.000000
1.049944|-0.506686|2.021726|-0.089411|3.184373
-0.775280|-0.094169|1.079706|-0.447421|-0.914638
-0.640713|0.228177|-0.754127|-0.310228|-0.964045
0.000000|0.000000|0.000000|0.000000|0.000000
-0.917296|0.173158|-0.904892|-0.900511|-0.899053
-0.907472|-0.874158|-0.854788|-0.721029|-0.999996
0.000000|0.000000|0.000000|0.000000|0.000000
0.000000|0.000000|0.000000|0.000000|0.000000
3.124142|0.242498|1.078092|-0.334569|0.189918
4.102683|-0.820611|1.989780|2.241131|-0.948825
1.583734|4.000005|2.800228|-0.663059|3.955178
-0.973796|-0.943561|0.105583|-0.978132|0.166858
-0.993095|0.227802|0.310546|-0.970637|0.805185
1.544747|8.133125|0.875145|2.509570|0.382356
0.000000|0.000000|0.000000|0.000000|0.000000
-0.957852|-0.991233|-0.578958|-0.996107|-0.785671
-0.755490|-0.996191|-0.970886|-0.988150|-0.950756
-0.749056|-0.630822|-0.028790|-0.722519|-0.999123
-0.999930|1.121160|-0.978692|-0.995134|-0.867571
-0.237130|-0.566382|-0.689680|-0.692146|-0.579921
0.000000|0.000000|0.000000|0.000000|0.000000
-0.023905|1.865409|-0.469029|0.732335|-0.400181
-0.999999|3.365935|-0.252480|-0.903156|-0.384085
-0.226219|-0.167237|0.248188|-0.050000|-0.137472
-0.993959|-0.080949|-0.893429|-0.997394|-0.436290
1.915850|0.588396|3.674188|5.390563|1.665285
0.000000|0.000000|0.000000|0.000000|0.000000
-0.218090|-0.989293|-0.927795|-0.280948|-0.650077
-0.994267|-0.994530|-0.995598|-0.993979|-0.900491
-0.918728|-0.749490|-0.218652|-0.698008|-0.999999
3.198251|1.067183|0.074241|0.536666|-0.842360
0.984236|-0.995533|-0.999999|-0.937558|-0.999999
2.626890|-0.375062|1.611682|1.873196|-0.341710
0.000000|0.000000|0.000000|0.000000|0.000000
-0.619618|3.955583|-0.081027|-0.361066|-0.138551
-0.999897|-0.875184|0.593298|-0.955653|-0.999928
2.578914|2.193546|2.975376|0.343161|4.115920
-0.943481|-0.841073|0.480810|-0.594386|-0.605886
0.764157|-0.620823|-0.999999|-0.711811|-0.880683
0.000000|0.000000|0.000000|0.000000|0.000000
-0.983604|-0.982975|-0.996003|-0.915661|-0.984107
-0.911117|-0.770979|-0.911600|-0.914038|-0.920207
6.053935|1.576976|0.438874|3.454444|-0.999449
0.628194|-0.676466|-0.905532|0.428434|-0.421703
5.448227|-0.964205|2.741765|4.248449|-0.964480
-0.776807|-0.999902|-0.984712|-0.999657|-0.999469
1.087903|6.268935|0.739095|1.885959|0.445670
0.000000|0.000000|0.000000|0.000000|0.000000
2.665120|3.129924|2.021302|3.055379|2.769367
-0.999999|1.004436|-0.833029|-0.823319|-0.999235
-0.896233|0.780083|-0.841605|-0.838347|-0.850218
0.000000|0.000000|0.000000|0.000000|0.000000
-0.993034|-0.043265|-0.992968|-0.897388|-0.993007
-0.962723|-0.584068|-0.999999|-0.995859|-0.952797
0.000000|0.000000|0.000000|0.000000|0.000000
2.337574|-0.043670|0.232536|0.244191|0.269079
0.252231|0.000000|0.000000|-0.050000|0.000096
0.000000|0.000000|0.000000|0.000000|0.000000
0.000000|0.000000|0.000000|0.000000|0.000000
-0.912057|-0.810901|-0.469347|-0.993577|3.130092
-0.995178|-0.994924|-0.994924|-0.995419|-0.994924
-0.963373|-0.766638|4.493786|0.685490|0.093694
0.000000|0.000000|0.000000|0.000000|0.000000
-0.998020|-0.999999|-0.903208|-0.999615|-0.940965
-0.999999|-0.999999|-0.610407|-0.999997|-0.999999
-0.999999|-0.999988|-0.890563|-0.944193|-0.999998
2.591913|-0.613413|-0.793629|-0.794983|-0.796094
4.236626|0.663136|0.068544|1.511235|2.984008
-0.651197|-0.773544|-0.941570|-0.929816|-0.591335
2.788127|1.984288|-0.962878|2.149578|-0.956233
-0.832782|3.951854|-0.442012|-0.604726|-0.924948
-0.400353|-0.385790|0.030135|-0.774643|2.046486
-0.520968|1.084891|-0.797332|-0.462933|-0.305229
-0.310784|-0.506948|-0.984120|1.409654|-0.999999
-0.861984|0.235095|-0.999999|-0.873450|-0.999999
-0.617744|-0.978657|-0.765653|-0.966135|-0.873425
-0.998907|-0.999999|-0.999999|-0.999999|-0.998886
2.351409|-0.960928|-0.999928|0.202747|-0.999912
5.429098|1.470780|0.108413|2.810037|-0.999999
0.201321|-0.988387|-0.983485|-0.989492|-0.956869
3.617234|-0.995509|2.895971|-0.999809|-0.749391
-0.847159|-0.842239|-0.999999|-0.733376|-0.999999
1.630642|4.825381|2.946656|7.114489|1.435778
-0.998084|-0.991479|-0.997113|-0.995648|-0.738841
2.964007|4.000005|3.218831|3.406170|2.034474
-0.989435|-0.993152|0.242082|-0.510325|-0.998795
-0.194211|-0.495696|-0.967795|-0.426460|-0.998454
-0.595480|-0.602785|-0.676467|-0.708011|-0.692643
1.435418|-0.914504|-0.898612|-0.985479|-0.761408
-0.972269|-0.677542|-0.991813|-0.864790|-0.999999
1.837319|1.741429|3.036097|1.002231|-0.783545
0.000000|0.000000|0.000000|0.000000|0.000000
0.000000|0.000000|0.000000|0.000000|0.000000
-0.900560|-0.910255|-0.900560|-0.877913|-0.926902
1.774698|5.776270|0.145737|1.967986|1.091154
0.000000|0.000000|0.000000|0.000000|0.000000
0.000000|0.000000|0.000000|0.000000|0.000000
0.000000|0.000000|0.000000|0.000000|0.000000
-0.148662|1.958710|-0.167953|-0.888335|-0.915028
0.000000|0.000000|0.000000|0.000000|0.000000
-0.924217|-0.927560|-0.888157|-0.822110|-0.969806
-0.999999|-0.953155|-0.999994|-0.996396|-0.999999
17.844963|19.000019|16.691624|13.199220|16.679716
0.753198|-0.557926|0.325502|-0.833917|3.646660
-0.708011|-0.659439|-0.659438|-0.722611|0.325487
0.000000|0.000000|0.000000|0.000000|0.000000
12.099720|14.615065|-0.954090|-0.999826|10.233125
-0.336580|-0.264908|1.828616|-0.168975|0.152417
16.674866|16.676107|-0.999999|17.829037|-0.999999
0.000000|0.000000|0.000000|0.000000|0.000000
-0.999999|-0.999999|-0.999999|-0.999999|-0.999999
-0.918088|-0.999999|-0.922926|-0.979380|-0.723686
-0.999999|-0.999999|-0.999999|-0.999999|-0.999999
-0.968488|-0.991730|-0.989434|-0.999912|-0.981706
1.600184|-0.539857|-0.627434|0.274858|-0.994091
1.939620|0.270092|-0.197042|-0.713562|3.022283
0.600650|-0.543588|-0.795801|-0.668234|0.869323
-0.999999|-0.872509|-0.999999|-0.999999|-0.999999
-0.957503|0.128975|-0.999999|4.295730|-0.975402
-0.427334|-0.165179|-0.104510|-0.555349|2.553864
-0.179328|2.770965|-0.802284|-0.375776|0.261319
0.000000|0.000000|0.000000|0.000000|0.000000
-0.994436|0.106294|-0.985994|-0.683957|-0.999999
-0.742026|-0.999828|-0.385151|-0.744281|-0.895684
-0.962855|-0.987278|-0.988168|-0.995660|-0.995067
0.000000|0.000000|0.000000|0.000000|0.000000
1.612249|-0.979723|-0.088338|2.836169|-0.980737
-0.761912|-0.969320|-0.629031|-0.994681|-0.620072
-0.185494|-0.264908|-0.185494|-0.226219|-0.086215
-0.507268|-0.986695|-0.672628|-0.693832|-0.921198
-0.979532|0.386032|0.161326|3.487813|-0.987220
-0.659438|-0.536709|0.130952|-0.512325|-0.668881
0.000000|0.000000|0.000000|0.000000|0.000000
-0.994218|-0.921934|0.796310|0.203534|-0.999975
-0.759646|1.102127|-0.970490|-0.667861|-0.963293
-0.498578|-0.536709|-0.479980|-0.486658|-0.456313
0.000000|0.000000|0.000000|0.000000|0.000000
-0.996965|-0.999913|-0.999999|-0.968214|-0.999999
0.000000|0.000000|0.000000|0.000000|0.000000
0.000000|0.000000|0.000000|0.000000|0.000000
4.001942|0.391086|-0.771943|-0.545321|0.173957
-0.393793|-0.751374|-0.946327|-0.753637|-0.999999
-0.999999|0.113011|-0.867357|-0.321340|-0.907576
-0.199181|-0.250981|3.528975|-0.164641|-0.128073
0.438072|-0.185494|2.058398|-0.078462|0.481997
-0.998553|1.353004|-0.922809|2.393951|-0.718822
-0.880407|-0.738256|-0.999997|-0.728326|-0.957125
0.000000|0.000000|0.000000|0.000000|0.000000
-0.999588|-0.999593|-0.999574|-0.999608|-0.999590
-0.935448|-0.798585|-0.852877|-0.707729|-0.999999
-0.533519|-0.787551|-0.833916|-0.850110|-0.857605
0.000000|0.000000|0.000000|0.000000|0.000000
1.210322|0.637530|1.882628|-0.153978|-0.245859
4.040429|1.596488|-0.763547|1.476139|-0.995648
0.000000|0.000000|0.000000|0.000000|0.000000
-0.951505|-0.962109|0.100030|-0.928994|-0.166445
-0.998965|0.180603|-0.495424|-0.996658|-0.453059
0.219580|1.276181|0.513057|2.411143|-0.000008
0.000000|0.000000|0.000000|0.000000|0.000000
-0.878346|-0.908159|0.414800|-0.991112|-0.857841
-0.961957|-0.992873|-0.995194|-0.944113|-0.876875
-0.409358|-0.855481|0.036118|-0.883154|-0.700886
-0.949378|2.261631|-0.981248|-0.999991|-0.808426
-0.154432|-0.369280|-0.188737|-0.338614|-0.169927
0.000000|0.000000|0.000000|0.000000|0.000000
1.069350|1.968439|-0.714394|0.216406|-0.542952
-0.995648|0.338157|-0.820553|-0.996801|-0.124058
-0.369751|-0.273555|0.358843|-0.226219|-0.256267
-0.991522|0.072640|-0.856793|-0.993095|-0.446868
0.315885|1.952365|0.499154|4.029332|0.895489
0.000000|0.000000|0.000000|0.000000|0.000000
-0.921167|-0.949102|-0.392349|-0.930110|-0.941582
-0.994080|-0.857693|-0.997261|-0.997294|-0.994659
-0.989627|-0.931589|-0.638086|-0.616925|-0.999999
4.285547|1.262117|2.348578|2.127267|-0.993877
-0.908947|-0.976330|-0.967828|-0.945462|-0.979723
1.465232|-0.645595|0.984713|0.935317|-0.548542
0.000000|0.000000|0.000000|0.000000|0.000000
-0.824645|1.019901|-0.486741|0.682298|-0.823157
-0.997878|-0.726022|0.244619|-0.780138|-0.980201
-0.234101|0.177401|-0.149066|0.647073|4.828096
-0.525495|1.482400|-0.457221|1.732524|-0.674613
-0.613252|-0.525698|-0.978999|0.566242|-0.814713
0.000000|0.000000|0.000000|0.000000|0.000000
-0.904322|-0.883780|-0.985875|-0.979256|-0.677018
-0.983838|-0.525134|-0.970978|-0.947842|-0.967381
4.001413|-0.056527|-0.742371|2.498055|-0.919006
0.000000|0.000000|0.000000|0.000000|0.000000
0.000000|0.000000|0.000000|0.000000|0.000000
-0.680979|-0.833916|-0.677403|-0.708011|-0.708011
-0.946091|0.652011|-0.282005|3.881429|-0.915158
0.000000|0.000000|0.000000|0.000000|0.000000
0.402537|4.680205|-0.340328|1.596181|0.676520
-0.999999|-0.999999|-0.463224|-0.999999|-0.999999
-0.907124|-0.796321|-0.984559|-0.919720|-0.902744
0.000000|0.000000|0.000000|0.000000|0.000000
-0.163025|-0.906011|-0.894213|-0.996688|-0.979615
-0.994922|-0.766231|-0.975989|-0.932569|-0.980183
-0.150081|-0.463810|-0.459640|-0.419991|1.556524
1.601269|0.000000|0.085591|0.000000|0.704431
0.651925|-0.097500|-0.080597|-0.050000|0.000000
3.992407|1.548368|-0.512325|0.863115|1.371525
0.000000|0.000000|0.000000|0.000000|0.000000
-0.681964|-0.885932|1.531807|-0.252162|0.994043
-0.972599|-0.739605|-0.999853|-0.951967|-0.207468
-0.125801|0.226546|3.719225|0.204677|0.932496
0.000000|0.000000|0.000000|0.000000|0.000000
-0.999051|-0.999764|-0.951567|-0.999998|-0.988675
-0.999997|-0.999999|-0.855949|-0.999999|-0.999999
-0.984743|-0.999944|-0.834255|-0.835694|-0.999920
1.318470|-0.226103|-0.142625|-0.226219|-0.264908
5.512198|-0.412761|1.364671|1.439067|1.659118
1.580118|-0.628030|-0.694450|-0.781579|-0.396943
1.678279|0.164344|-0.459640|0.527984|-0.301663
-0.973225|-0.999435|-0.987171|-0.738565|-0.999997
-0.515535|0.537945|0.658635|-0.400488|0.909446
-0.871843|-0.516990|-0.637999|-0.636124|-0.517786
1.380470|0.417944|3.622902|1.635464|0.368317
-0.614999|-0.899443|-0.964352|-0.953486|-0.958422
-0.012583|-0.862611|0.121085|-0.919006|-0.842497
-0.999491|-0.999957|-0.999960|-0.999956|-0.999489
2.337076|-0.660208|-0.978656|-0.980752|-0.973836
4.816953|0.242139|-0.424368|2.997863|-0.999808
1.292883|-0.185494|-0.301663|-0.185494|-0.264908
1.723324|-0.369751|0.421871|-0.336580|-0.054410
-0.949145|-0.887385|-0.991076|-0.764903|-0.994376
-0.959836|0.677661|-0.821990|5.449696|-0.990074
-0.914743|-0.914302|3.998986|-0.887858|-0.631776
-0.804325|-0.993440|-0.994657|-0.989044|0.189982
-0.264908|-0.362534|0.260672|0.254475|-0.142625
-0.485084|-0.312787|-0.999999|-0.593247|-0.982149
-0.877030|-0.889817|-0.884018|-0.871488|-0.873068
-0.515887|-0.920294|-0.991562|-0.921398|-0.927056
-0.346312|-0.975771|-0.974593|-0.787782|-0.986147
1.160733|0.016777|0.767955|2.381189|-0.810683
0.000000|0.000000|0.000000|0.000000|0.000000
0.000000|0.000000|0.000000|0.000000|0.000000
-0.857605|-0.857604|-0.877913|-0.857605|-0.857605
0.344265|1.567560|-0.792266|4.876126|-0.176101
0.000000|0.000000|0.000000|0.000000|0.000000
0.000000|0.000000|0.000000|0.000000|0.000000
0.000000|0.000000|0.000000|0.000000|0.000000
-0.873029|-0.879746|-0.860435|0.589168|-0.932946
0.000000|0.000000|0.000000|0.000000|0.000000
-0.999568|-0.981552|-0.925046|-0.999596|-0.982617
-0.999999|-0.942193|-0.999999|-0.999962|-0.999999
17.840601|19.042528|16.689833|13.125956|16.675444
0.098608|-0.067132|-0.134471|-0.369751|1.315672
-0.185494|-0.142625|-0.264908|-0.142625|-0.010136
0.000000|0.000000|0.000000|0.000000|0.000000
11.972969|13.029445|-0.893289|-0.999855|11.240298
-0.142625|-0.104682|0.000000|-0.104311|0.194217
16.672646|16.674511|-0.999999|17.838400|-0.999998
0.000000|0.000000|0.000000|0.000000|0.000000
-0.999999|-0.999999|-0.999999|-0.999999|-0.999999
-0.612201|-0.999999|-0.924339|-0.999999|-0.923799
-0.999999|-0.999999|-0.999999|-0.999999|-0.999999
-0.999928|-0.924606|-0.999710|-0.999907|-0.992276
0.586415|-0.843983|-0.839450|2.747521|-0.875613
1.985982|0.227212|-0.256191|-0.317703|0.302317
1.606136|0.297116|-0.711824|-0.413454|-0.101024
-0.999907|0.352114|-0.999998|-0.999986|-0.999976
-0.959342|-0.100604|-0.981065|4.123354|-0.999999
0.000000|0.000000|0.000000|0.000000|0.000000
-0.057304|3.370196|-0.435197|0.111744|-0.581880
0.000000|0.000000|0.000000|0.000000|0.000000
-0.998293|2.236382|-0.999976|1.310949|-0.999932
-0.982616|-0.970965|-0.493585|-0.970964|-0.847880
-0.984067|-0.979156|-0.998745|-0.999999|-0.998907
0.000000|0.000000|0.000000|0.000000|0.000000
1.234511|-0.940461|-0.106302|2.988510|-0.877913
-0.206968|-0.865100|-0.609701|-0.905532|-0.227690
-0.512325|-0.459640|-0.369355|-0.401263|-0.013339
-0.648777|-0.985593|-0.836777|-0.687873|-0.970184
-0.941606|-0.569950|0.027571|2.564420|-0.960501
-0.226219|-0.301663|-0.002199|-0.226219|-0.281681
0.000000|0.000000|0.000000|0.000000|0.000000
-0.994959|-0.984513|-0.944586|-0.367901|-0.982266
-0.778097|-0.058526|-0.869405|-0.763890|-0.950987
-0.486658|-0.401263|-0.452796|-0.430878|0.150016
0.000000|0.000000|0.000000|0.000000|0.000000
-0.999921|-0.999999|-0.999517|-0.999511|-0.999999
