0.000000|0.000000|0.000000|0.000000|0.000000
0.000000|0.000000|0.000000|0.000000|0.000000
0.000000|0.000000|0.000000|0.000000|0.000000
0.000000|0.000000|0.000000|0.000000|0.000000
0.000000|0.000000|0.000000|0.000000|0.000000
0.000000|0.000000|0.000000|0.000000|0.000000
0.000000|0.000000|0.000000|0.000000|0.000000
0.000000|0.000000|0.000000|0.000000|0.000000
0.000000|0.000000|0.000000|0.000000|0.000000
0.000000|0.000000|0.000000|0.000000|0.000000
0.000000|0.000000|0.000000|0.000000|0.000000
0.000000|0.000000|0.000000|0.000000|0.000000
0.000000|0.000000|0.000000|0.000000|0.000000
0.000000|0.000000|0.000000|0.000000|0.000000
0.000000|0.000000|0.000000|0.000000|0.000000
0.000000|0.000000|0.000000|0.000000|0.000000
0.000000|0.000000|0.000000|0.000000|0.000000
0.000000|0.000000|0.000000|0.000000|0.000000
0.000000|0.000000|0.000000|0.000000|0.000000
0.000000|0.000000|0.000000|0.000000|0.000000
0.000000|0.000000|0.000000|0.000000|0.000000
0.000000|0.000000|0.000000|0.000000|0.000000
0.000000|0.000000|0.000000|0.000000|0.000000
0.000000|0.000000|0.000000|0.000000|0.000000
0.000000|0.000000|0.000000|0.000000|0.000000
0.000000|0.000000|0.000000|0.000000|0.000000
0.000000|0.000000|0.000000|0.000000|0.000000
0.000000|0.000000|0.000000|0.000000|0.000000
0.000000|0.000000|0.000000|0.000000|0.000000
0.000000|0.000000|0.000000|0.000000|0.000000
0.000000|0.000000|0.000000|0.000000|0.000000
0.000000|0.000000|0.000000|0.000000|0.000000
0.000000|0.000000|0.000000|0.000000|0.000000
0.000000|0.000000|0.000000|0.000000|0.000000
0.000000|0.000000|0.000000|0.000000|0.000000
0.000000|0.000000|0.000000|0.000000|0.000000
0.000000|0.000000|0.000000|0.000000|0.000000
0.000000|0.000000|0.000000|0.000000|0.000000
0.000000|0.000000|0.000000|0.000000|0.000000
0.000000|0.000000|0.000000|0.000000|0.000000
0.000000|0.000000|0.000000|0.000000|0.000000
0.000000|0.000000|0.000000|0.000000|0.000000
0.000000|0.000000|0.000000|0.000000|0.000000
0.000000|0.000000|0.000000|0.000000|0.000000
0.000000|0.000000|0.000000|0.000000|0.000000
0.000000|0.000000|0.000000|0.000000|0.000000
0.000000|0.000000|0.000000|0.000000|0.000000
0.000000|0.000000|0.000000|0.000000|0.000000
0.000000|0.000000|0.000000|0.000000|0.000000
0.000000|0.000000|0.000000|0.000000|0.000000
0.000000|0.000000|0.000000|0.000000|0.000000
0.000000|0.000000|0.000000|0.000000|0.000000
0.000000|0.000000|0.000000|0.000000|0.000000
0.000000|0.000000|0.000000|0.000000|0.000000
0.000000|0.000000|0.000000|0.000000|0.000000
0.000000|0.000000|0.000000|0.000000|0.000000
0.000000|0.000000|0.000000|0.000000|0.000000
0.000000|0.000000|0.000000|0.000000|0.000000
0.000000|0.000000|0.000000|0.000000|0.000000
0.000000|0.000000|0.000000|0.000000|0.000000
0.000000|0.000000|0.000000|0.000000|0.000000
0.000000|0.000000|0.000000|0.000000|0.000000
0.000000|0.000000|0.000000|0.000000|0.000000
0.000000|0.000000|0.000000|0.000000|0.000000
0.000000|0.000000|0.000000|0.000000|0.000000
0.000000|0.000000|0.000000|0.000000|0.000000
0.000000|0.000000|0.000000|0.000000|0.000000
0.000000|0.000000|0.000000|0.000000|0.000000
0.000000|0.000000|0.000000|0.000000|0.000000
0.000000|0.000000|0.000000|0.000000|0.000000
0.000000|0.000000|0.000000|0.000000|0.000000
0.000000|0.000000|0.000000|0.000000|0.000000
0.000000|0.000000|0.000000|0.000000|0.000000
0.000000|0.000000|0.000000|0.000000|0.000000
0.000000|0.000000|0.000000|0.000000|0.000000
0.000000|0.000000|0.000000|0.000000|0.000000
0.000000|0.000000|0.000000|0.000000|0.000000
0.000000|0.000000|0.000000|0.000000|0.000000
0.000000|0.000000|0.000000|0.000000|0.000000
0.000000|0.000000|0.000000|0.000000|0.000000
0.000000|0.000000|0.000000|0.000000|0.000000
0.000000|0.000000|0.000000|0.000000|0.000000
0.000000|0.000000|0.000000|0.000000|0.000000
0.000000|0.000000|0.000000|0.000000|0.000000
0.000000|0.000000|0.000000|0.000000|0.000000
0.000000|0.000000|0.000000|0.000000|0.000000
0.000000|0.000000|0.000000|0.000000|0.000000
0.000000|0.000000|0.000000|0.000000|0.000000
0.000000|0.000000|0.000000|0.000000|0.000000
0.000000|0.000000|0.000000|0.000000|0.000000
0.000000|0.000000|0.000000|0.000000|0.000000
0.000000|0.000000|0.000000|0.000000|0.000000
0.000000|0.000000|0.000000|0.000000|0.000000
0.000000|0.000000|0.000000|0.000000|0.000000
0.000000|0.000000|0.000000|0.000000|0.000000
0.000000|0.000000|0.000000|0.000000|0.000000
0.000000|0.000000|0.000000|0.000000|0.000000
0.000000|0.000000|0.000000|0.000000|0.000000
0.000000|0.000000|0.000000|0.000000|0.000000
0.000000|0.000000|0.000000|0.000000|0.000000
0.000000|0.000000|0.000000|0.000000|0.000000
0.000000|0.000000|0.000000|0.000000|0.000000
0.000000|0.000000|0.000000|0.000000|0.000000
0.000000|0.000000|0.000000|0.000000|0.000000
0.000000|0.000000|0.000000|0.000000|0.000000
0.000000|0.000000|0.000000|0.000000|0.000000
0.000000|0.000000|0.000000|0.000000|0.000000
0.000000|0.000000|0.000000|0.000000|0.000000
9.969990|10.823441|7.847739|8.718241|34.384182
1.245048|15.680972|2.372614|1.358018|1.809026
15.153861|1.425010|2.140821|1.970807|2.998976
14.756518|14.671123|11.530248|12.812103|27.278801
8.204062|7.725280|5.052724|7.496130|49.622265
3.311148|7.553382|4.331665|5.240589|46.102833
4.941381|8.761642|7.535886|22.491934|9.829606
3.249993|8.564875|7.330646|39.623039|2.212950
20.696577|51.720078|23.373747|24.030920|26.382986
-0.654606|1.027956|0.603544|1.006279|5.240863
2.722484|32.746723|2.799885|2.848606|2.623824
5.308796|6.057011|3.622532|47.679272|5.750231
0.000000|0.000000|0.000000|0.000000|0.000000
0.000000|0.000000|0.000000|0.000000|0.000000
0.000000|0.000000|0.000000|0.000000|0.000000
0.000000|0.000000|0.000000|0.000000|0.000000
0.000000|0.000000|0.000000|0.000000|0.000000
0.000000|0.000000|0.000000|0.000000|0.000000
0.000000|0.000000|0.000000|0.000000|0.000000
0.000000|0.000000|0.000000|0.000000|0.000000
0.000000|0.000000|0.000000|0.000000|0.000000
0.000000|0.000000|0.000000|0.000000|0.000000
0.000000|0.000000|0.000000|0.000000|0.000000
0.000000|0.000000|0.000000|0.000000|0.000000
0.000000|0.000000|0.000000|0.000000|0.000000
0.000000|0.000000|0.000000|0.000000|0.000000
0.000000|0.000000|0.000000|0.000000|0.000000
0.000000|0.000000|0.000000|0.000000|0.000000
0.000000|0.000000|0.000000|0.000000|0.000000
0.000000|0.000000|0.000000|0.000000|0.000000
0.000000|0.000000|0.000000|0.000000|0.000000
0.000000|0.000000|0.000000|0.000000|0.000000
0.000000|0.000000|0.000000|0.000000|0.000000
0.000000|0.000000|0.000000|0.000000|0.000000
0.000000|0.000000|0.000000|0.000000|0.000000
0.000000|0.000000|0.000000|0.000000|0.000000
0.000000|0.000000|0.000000|0.000000|0.000000
0.000000|0.000000|0.000000|0.000000|0.000000
0.000000|0.000000|0.000000|0.000000|0.000000
0.000000|0.000000|0.000000|0.000000|0.000000
0.000000|0.000000|0.000000|0.000000|0.000000
0.000000|0.000000|0.000000|0.000000|0.000000
0.000000|0.000000|0.000000|0.000000|0.000000
0.000000|0.000000|0.000000|0.000000|0.000000
0.000000|0.000000|0.000000|0.000000|0.000000
0.000000|0.000000|0.000000|0.000000|0.000000
0.000000|0.000000|0.000000|0.000000|0.000000
0.000000|0.000000|0.000000|0.000000|0.000000
0.000000|0.000000|0.000000|0.000000|0.000000
0.000000|0.000000|0.000000|0.000000|0.000000
0.000000|0.000000|0.000000|0.000000|0.000000
0.000000|0.000000|0.000000|0.000000|0.000000
0.000000|0.000000|0.000000|0.000000|0.000000
0.000000|0.000000|0.000000|0.000000|0.000000
0.000000|0.000000|0.000000|0.000000|0.000000
0.000000|0.000000|0.000000|0.000000|0.000000
0.000000|0.000000|0.000000|0.000000|0.000000
0.000000|0.000000|0.000000|0.000000|0.000000
0.000000|0.000000|0.000000|0.000000|0.000000
0.000000|0.000000|0.000000|0.000000|0.000000
0.000000|0.000000|0.000000|0.000000|0.000000
0.000000|0.000000|0.000000|0.000000|0.000000
0.000000|0.000000|0.000000|0.000000|0.000000
0.000000|0.000000|0.000000|0.000000|0.000000
0.000000|0.000000|0.000000|0.000000|0.000000
0.000000|0.000000|0.000000|0.000000|0.000000
0.000000|0.000000|0.000000|0.000000|0.000000
0.000000|0.000000|0.000000|0.000000|0.000000
0.000000|0.000000|0.000000|0.000000|0.000000
0.000000|0.000000|0.000000|0.000000|0.000000
0.000000|0.000000|0.000000|0.000000|0.000000
0.000000|0.000000|0.000000|0.000000|0.000000
0.000000|0.000000|0.000000|0.000000|0.000000
0.000000|0.000000|0.000000|0.000000|0.000000
0.000000|0.000000|0.000000|0.000000|0.000000
0.000000|0.000000|0.000000|0.000000|0.000000
0.000000|0.000000|0.000000|0.000000|0.000000
0.000000|0.000000|0.000000|0.000000|0.000000
0.000000|0.000000|0.000000|0.000000|0.000000
0.000000|0.000000|0.000000|0.000000|0.000000
0.000000|0.000000|0.000000|0.000000|0.000000
0.000000|0.000000|0.000000|0.000000|0.000000
0.000000|0.000000|0.000000|0.000000|0.000000
0.000000|0.000000|0.000000|0.000000|0.000000
0.000000|0.000000|0.000000|0.000000|0.000000
0.000000|0.000000|0.000000|0.000000|0.000000
0.000000|0.000000|0.000000|0.000000|0.000000
0.000000|0.000000|0.000000|0.000000|0.000000
0.000000|0.000000|0.000000|0.000000|0.000000
0.000000|0.000000|0.000000|0.000000|0.000000
0.000000|0.000000|0.000000|0.000000|0.000000
0.000000|0.000000|0.000000|0.000000|0.000000
0.000000|0.000000|0.000000|0.000000|0.000000
0.000000|0.000000|0.000000|0.000000|0.000000
0.000000|0.000000|0.000000|0.000000|0.000000
0.000000|0.000000|0.000000|0.000000|0.000000
0.000000|0.000000|0.000000|0.000000|0.000000
0.000000|0.000000|0.000000|0.000000|0.000000
0.000000|0.000000|0.000000|0.000000|0.000000
0.000000|0.000000|0.000000|0.000000|0.000000
0.000000|0.000000|0.000000|0.000000|0.000000
0.000000|0.000000|0.000000|0.000000|0.000000
0.000000|0.000000|0.000000|0.000000|0.000000
0.000000|0.000000|0.000000|0.000000|0.000000
0.000000|0.000000|0.000000|0.000000|0.000000
0.000000|0.000000|0.000000|0.000000|0.000000
0.000000|0.000000|0.000000|0.000000|0.000000
0.000000|0.000000|0.000000|0.000000|0.000000
0.000000|0.000000|0.000000|0.000000|0.000000
0.000000|0.000000|0.000000|0.000000|0.000000
0.000000|0.000000|0.000000|0.000000|0.000000
0.000000|0.000000|0.000000|0.000000|0.000000
0.000000|0.000000|0.000000|0.000000|0.000000
0.000000|0.000000|0.000000|0.000000|0.000000
0.000000|0.000000|0.000000|0.000000|0.000000
0.000000|0.000000|0.000000|0.000000|0.000000
0.000000|0.000000|0.000000|0.000000|0.000000
0.000000|0.000000|0.000000|0.000000|0.000000
0.000000|0.000000|0.000000|0.000000|0.000000
0.000000|0.000000|0.000000|0.000000|0.000000
0.000000|0.000000|0.000000|0.000000|0.000000
0.000000|0.000000|0.000000|0.000000|0.000000
0.000000|0.000000|0.000000|0.000000|0.000000
0.000000|0.000000|0.000000|0.000000|0.000000
0.000000|0.000000|0.000000|0.000000|0.000000
0.000000|0.000000|0.000000|0.000000|0.000000
0.000000|0.000000|0.000000|0.000000|0.000000
0.000000|0.000000|0.000000|0.000000|0.000000
0.000000|0.000000|0.000000|0.000000|0.000000
0.000000|0.000000|0.000000|0.000000|0.000000
0.000000|0.000000|0.000000|0.000000|0.000000
0.000000|0.000000|0.000000|0.000000|0.000000
0.000000|0.000000|0.000000|0.000000|0.000000
0.000000|0.000000|0.000000|0.000000|0.000000
0.000000|0.000000|0.000000|0.000000|0.000000
0.000000|0.000000|0.000000|0.000000|0.000000
0.000000|0.000000|0.000000|0.000000|0.000000
0.000000|0.000000|0.000000|0.000000|0.000000
0.000000|0.000000|0.000000|0.000000|0.000000
0.000000|0.000000|0.000000|0.000000|0.000000
0.000000|0.000000|0.000000|0.000000|0.000000
0.000000|0.000000|0.000000|0.000000|0.000000
0.000000|0.000000|0.000000|0.000000|0.000000
0.000000|0.000000|0.000000|0.000000|0.000000
22.438440|19.062572|18.647402|16.423336|58.157192
30.096056|2.439930|4.318695|4.846868|5.450725
24.306988|4.567914|3.399952|6.432031|3.682616
9.958821|8.901159|8.573277|50.947884|9.934401
9.999278|8.133930|7.905735|15.676102|58.184128
1.218714|2.959810|15.862451|2.465976|5.047525
17.101786|8.563935|7.539516|7.735343|6.967131
7.852765|10.350955|7.204692|8.034114|8.047526
30.329767|28.335764|25.093998|24.841888|58.441151
3.698018|2.641544|2.000651|0.828078|5.816755
21.672295|27.021618|12.322017|18.766842|53.774094
14.599060|18.055986|6.905657|48.218239|13.647104
0.000000|0.000000|0.000000|0.000000|0.000000
0.000000|0.000000|0.000000|0.000000|0.000000
0.000000|0.000000|0.000000|0.000000|0.000000
0.000000|0.000000|0.000000|0.000000|0.000000
0.000000|0.000000|0.000000|0.000000|0.000000
0.000000|0.000000|0.000000|0.000000|0.000000
0.000000|0.000000|0.000000|0.000000|0.000000
0.000000|0.000000|0.000000|0.000000|0.000000
0.000000|0.000000|0.000000|0.000000|0.000000
0.000000|0.000000|0.000000|0.000000|0.000000
0.000000|0.000000|0.000000|0.000000|0.000000
0.000000|0.000000|0.000000|0.000000|0.000000
0.000000|0.000000|0.000000|0.000000|0.000000
0.000000|0.000000|0.000000|0.000000|0.000000
0.000000|0.000000|0.000000|0.000000|0.000000
0.000000|0.000000|0.000000|0.000000|0.000000
0.000000|0.000000|0.000000|0.000000|0.000000
0.000000|0.000000|0.000000|0.000000|0.000000
0.000000|0.000000|0.000000|0.000000|0.000000
0.000000|0.000000|0.000000|0.000000|0.000000
0.000000|0.000000|0.000000|0.000000|0.000000
0.000000|0.000000|0.000000|0.000000|0.000000
0.000000|0.000000|0.000000|0.000000|0.000000
0.000000|0.000000|0.000000|0.000000|0.000000
0.000000|0.000000|0.000000|0.000000|0.000000
0.000000|0.000000|0.000000|0.000000|0.000000
0.000000|0.000000|0.000000|0.000000|0.000000
0.000000|0.000000|0.000000|0.000000|0.000000
0.000000|0.000000|0.000000|0.000000|0.000000
0.000000|0.000000|0.000000|0.000000|0.000000
0.000000|0.000000|0.000000|0.000000|0.000000
0.000000|0.000000|0.000000|0.000000|0.000000
0.000000|0.000000|0.000000|0.000000|0.000000
0.000000|0.000000|0.000000|0.000000|0.000000
0.000000|0.000000|0.000000|0.000000|0.000000
0.000000|0.000000|0.000000|0.000000|0.000000
0.000000|0.000000|0.000000|0.000000|0.000000
0.000000|0.000000|0.000000|0.000000|0.000000
0.000000|0.000000|0.000000|0.000000|0.000000
0.000000|0.000000|0.000000|0.000000|0.000000
0.000000|0.000000|0.000000|0.000000|0.000000
0.000000|0.000000|0.000000|0.000000|0.000000
0.000000|0.000000|0.000000|0.000000|0.000000
0.000000|0.000000|0.000000|0.000000|0.000000
0.000000|0.000000|0.000000|0.000000|0.000000
0.000000|0.000000|0.000000|0.000000|0.000000
0.000000|0.000000|0.000000|0.000000|0.000000
0.000000|0.000000|0.000000|0.000000|0.000000
0.000000|0.000000|0.000000|0.000000|0.000000
0.000000|0.000000|0.000000|0.000000|0.000000
0.000000|0.000000|0.000000|0.000000|0.000000
0.000000|0.000000|0.000000|0.000000|0.000000
0.000000|0.000000|0.000000|0.000000|0.000000
0.000000|0.000000|0.000000|0.000000|0.000000
0.000000|0.000000|0.000000|0.000000|0.000000
0.000000|0.000000|0.000000|0.000000|0.000000
0.000000|0.000000|0.000000|0.000000|0.000000
0.000000|0.000000|0.000000|0.000000|0.000000
0.000000|0.000000|0.000000|0.000000|0.000000
0.000000|0.000000|0.000000|0.000000|0.000000
0.000000|0.000000|0.000000|0.000000|0.000000
0.000000|0.000000|0.000000|0.000000|0.000000
0.000000|0.000000|0.000000|0.000000|0.000000
0.000000|0.000000|0.000000|0.000000|0.000000
0.000000|0.000000|0.000000|0.000000|0.000000
0.000000|0.000000|0.000000|0.000000|0.000000
0.000000|0.000000|0.000000|0.000000|0.000000
0.000000|0.000000|0.000000|0.000000|0.000000
0.000000|0.000000|0.000000|0.000000|0.000000
0.000000|0.000000|0.000000|0.000000|0.000000
0.000000|0.000000|0.000000|0.000000|0.000000
0.000000|0.000000|0.000000|0.000000|0.000000
0.000000|0.000000|0.000000|0.000000|0.000000
0.000000|0.000000|0.000000|0.000000|0.000000
0.000000|0.000000|0.000000|0.000000|0.000000
0.000000|0.000000|0.000000|0.000000|0.000000
0.000000|0.000000|0.000000|0.000000|0.000000
0.000000|0.000000|0.000000|0.000000|0.000000
0.000000|0.000000|0.000000|0.000000|0.000000
0.000000|0.000000|0.000000|0.000000|0.000000
0.000000|0.000000|0.000000|0.000000|0.000000
0.000000|0.000000|0.000000|0.000000|0.000000
0.000000|0.000000|0.000000|0.000000|0.000000
0.000000|0.000000|0.000000|0.000000|0.000000
0.000000|0.000000|0.000000|0.000000|0.000000
0.000000|0.000000|0.000000|0.000000|0.000000
0.000000|0.000000|0.000000|0.000000|0.000000
0.000000|0.000000|0.000000|0.000000|0.000000
0.000000|0.000000|0.000000|0.000000|0.000000
0.000000|0.000000|0.000000|0.000000|0.000000
0.000000|0.000000|0.000000|0.000000|0.000000
0.000000|0.000000|0.000000|0.000000|0.000000
0.000000|0.000000|0.000000|0.000000|0.000000
0.000000|0.000000|0.000000|0.000000|0.000000
0.000000|0.000000|0.000000|0.000000|0.000000
0.000000|0.000000|0.000000|0.000000|0.000000
0.000000|0.000000|0.000000|0.000000|0.000000
0.000000|0.000000|0.000000|0.000000|0.000000
0.000000|0.000000|0.000000|0.000000|0.000000
0.000000|0.000000|0.000000|0.000000|0.000000
0.000000|0.000000|0.000000|0.000000|0.000000
0.000000|0.000000|0.000000|0.000000|0.000000
0.000000|0.000000|0.000000|0.000000|0.000000
0.000000|0.000000|0.000000|0.000000|0.000000
0.000000|0.000000|0.000000|0.000000|0.000000
0.000000|0.000000|0.000000|0.000000|0.000000
0.000000|0.000000|0.000000|0.000000|0.000000
0.000000|0.000000|0.000000|0.000000|0.000000
0.000000|0.000000|0.000000|0.000000|0.000000
0.000000|0.000000|0.000000|0.000000|0.000000
0.000000|0.000000|0.000000|0.000000|0.000000
0.000000|0.000000|0.000000|0.000000|0.000000
0.000000|0.000000|0.000000|0.000000|0.000000
0.000000|0.000000|0.000000|0.000000|0.000000
0.000000|0.000000|0.000000|0.000000|0.000000
0.000000|0.000000|0.000000|0.000000|0.000000
0.000000|0.000000|0.000000|0.000000|0.000000
0.000000|0.000000|0.000000|0.000000|0.000000
0.000000|0.000000|0.000000|0.000000|0.000000
0.000000|0.000000|0.000000|0.000000|0.000000
0.000000|0.000000|0.000000|0.000000|0.000000
0.000000|0.000000|0.000000|0.000000|0.000000
0.000000|0.000000|0.000000|0.000000|0.000000
0.000000|0.000000|0.000000|0.000000|0.000000
0.000000|0.000000|0.000000|0.000000|0.000000
0.000000|0.000000|0.000000|0.000000|0.000000
0.000000|0.000000|0.000000|0.000000|0.000000
0.000000|0.000000|0.000000|0.000000|0.000000
0.000000|0.000000|0.000000|0.000000|0.000000
0.000000|0.000000|0.000000|0.000000|0.000000
0.000000|0.000000|0.000000|0.000000|0.000000
0.000000|0.000000|0.000000|0.000000|0.000000
25.133579|6.369678|1.854109|3.828185|4.214895
9.142267|1.213319|2.923171|2.267930|2.845433
3.911427|3.490606|1.947292|8.441065|2.985977
3.967144|0.846158|4.955213|25.955992|4.195967
3.683547|3.318203|4.633335|25.244423|4.292971
2.649460|2.130361|7.199625|0.274109|12.989408
24.852213|5.026068|4.665972|6.623770|8.045253
5.396606|4.312305|4.531570|14.747186|3.729633
3.418014|2.661702|3.738995|52.053375|2.203145
0.686769|1.498108|6.910976|1.696202|1.820200
3.009670|3.201211|3.035686|23.938536|3.237235
5.357912|6.497637|5.515661|29.388187|5.199789
0.000000|0.000000|0.000000|0.000000|0.000000
0.000000|0.000000|0.000000|0.000000|0.000000
0.000000|0.000000|0.000000|0.000000|0.000000
0.000000|0.000000|0.000000|0.000000|0.000000
0.000000|0.000000|0.000000|0.000000|0.000000
0.000000|0.000000|0.000000|0.000000|0.000000
0.000000|0.000000|0.000000|0.000000|0.000000
0.000000|0.000000|0.000000|0.000000|0.000000
0.000000|0.000000|0.000000|0.000000|0.000000
0.000000|0.000000|0.000000|0.000000|0.000000
0.000000|0.000000|0.000000|0.000000|0.000000
0.000000|0.000000|0.000000|0.000000|0.000000
0.000000|0.000000|0.000000|0.000000|0.000000
0.000000|0.000000|0.000000|0.000000|0.000000
0.000000|0.000000|0.000000|0.000000|0.000000
0.000000|0.000000|0.000000|0.000000|0.000000
0.000000|0.000000|0.000000|0.000000|0.000000
0.000000|0.000000|0.000000|0.000000|0.000000
0.000000|0.000000|0.000000|0.000000|0.000000
0.000000|0.000000|0.000000|0.000000|0.000000
0.000000|0.000000|0.000000|0.000000|0.000000
0.000000|0.000000|0.000000|0.000000|0.000000
0.000000|0.000000|0.000000|0.000000|0.000000
0.000000|0.000000|0.000000|0.000000|0.000000
0.000000|0.000000|0.000000|0.000000|0.000000
0.000000|0.000000|0.000000|0.000000|0.000000
0.000000|0.000000|0.000000|0.000000|0.000000
0.000000|0.000000|0.000000|0.000000|0.000000
0.000000|0.000000|0.000000|0.000000|0.000000
0.000000|0.000000|0.000000|0.000000|0.000000
0.000000|0.000000|0.000000|0.000000|0.000000
0.000000|0.000000|0.000000|0.000000|0.000000
0.000000|0.000000|0.000000|0.000000|0.000000
0.000000|0.000000|0.000000|0.000000|0.000000
0.000000|0.000000|0.000000|0.000000|0.000000
0.000000|0.000000|0.000000|0.000000|0.000000
0.000000|0.000000|0.000000|0.000000|0.000000
0.000000|0.000000|0.000000|0.000000|0.000000
0.000000|0.000000|0.000000|0.000000|0.000000
0.000000|0.000000|0.000000|0.000000|0.000000
0.000000|0.000000|0.000000|0.000000|0.000000
0.000000|0.000000|0.000000|0.000000|0.000000
0.000000|0.000000|0.000000|0.000000|0.000000
0.000000|0.000000|0.000000|0.000000|0.000000
0.000000|0.000000|0.000000|0.000000|0.000000
0.000000|0.000000|0.000000|0.000000|0.000000
0.000000|0.000000|0.000000|0.000000|0.000000
0.000000|0.000000|0.000000|0.000000|0.000000
0.000000|0.000000|0.000000|0.000000|0.000000
0.000000|0.000000|0.000000|0.000000|0.000000
0.000000|0.000000|0.000000|0.000000|0.000000
0.000000|0.000000|0.000000|0.000000|0.000000
0.000000|0.000000|0.000000|0.000000|0.000000
0.000000|0.000000|0.000000|0.000000|0.000000
0.000000|0.000000|0.000000|0.000000|0.000000
0.000000|0.000000|0.000000|0.000000|0.000000
0.000000|0.000000|0.000000|0.000000|0.000000
0.000000|0.000000|0.000000|0.000000|0.000000
0.000000|0.000000|0.000000|0.000000|0.000000
0.000000|0.000000|0.000000|0.000000|0.000000
0.000000|0.000000|0.000000|0.000000|0.000000
0.000000|0.000000|0.000000|0.000000|0.000000
0.000000|0.000000|0.000000|0.000000|0.000000
0.000000|0.000000|0.000000|0.000000|0.000000
0.000000|0.000000|0.000000|0.000000|0.000000
0.000000|0.000000|0.000000|0.000000|0.000000
0.000000|0.000000|0.000000|0.000000|0.000000
0.000000|0.000000|0.000000|0.000000|0.000000
0.000000|0.000000|0.000000|0.000000|0.000000
0.000000|0.000000|0.000000|0.000000|0.000000
0.000000|0.000000|0.000000|0.000000|0.000000
0.000000|0.000000|0.000000|0.000000|0.000000
0.000000|0.000000|0.000000|0.000000|0.000000
0.000000|0.000000|0.000000|0.000000|0.000000
0.000000|0.000000|0.000000|0.000000|0.000000
0.000000|0.000000|0.000000|0.000000|0.000000
0.000000|0.000000|0.000000|0.000000|0.000000
0.000000|0.000000|0.000000|0.000000|0.000000
0.000000|0.000000|0.000000|0.000000|0.000000
0.000000|0.000000|0.000000|0.000000|0.000000
0.000000|0.000000|0.000000|0.000000|0.000000
0.000000|0.000000|0.000000|0.000000|0.000000
0.000000|0.000000|0.000000|0.000000|0.000000
0.000000|0.000000|0.000000|0.000000|0.000000
0.000000|0.000000|0.000000|0.000000|0.000000
0.000000|0.000000|0.000000|0.000000|0.000000
0.000000|0.000000|0.000000|0.000000|0.000000
0.000000|0.000000|0.000000|0.000000|0.000000
0.000000|0.000000|0.000000|0.000000|0.000000
0.000000|0.000000|0.000000|0.000000|0.000000
0.000000|0.000000|0.000000|0.000000|0.000000
0.000000|0.000000|0.000000|0.000000|0.000000
0.000000|0.000000|0.000000|0.000000|0.000000
0.000000|0.000000|0.000000|0.000000|0.000000
0.000000|0.000000|0.000000|0.000000|0.000000
0.000000|0.000000|0.000000|0.000000|0.000000
0.000000|0.000000|0.000000|0.000000|0.000000
0.000000|0.000000|0.000000|0.000000|0.000000
0.000000|0.000000|0.000000|0.000000|0.000000
0.000000|0.000000|0.000000|0.000000|0.000000
0.000000|0.000000|0.000000|0.000000|0.000000
0.000000|0.000000|0.000000|0.000000|0.000000
0.000000|0.000000|0.000000|0.000000|0.000000
0.000000|0.000000|0.000000|0.000000|0.000000
0.000000|0.000000|0.000000|0.000000|0.000000
0.000000|0.000000|0.000000|0.000000|0.000000
0.000000|0.000000|0.000000|0.000000|0.000000
0.000000|0.000000|0.000000|0.000000|0.000000
0.000000|0.000000|0.000000|0.000000|0.000000
0.000000|0.000000|0.000000|0.000000|0.000000
0.000000|0.000000|0.000000|0.000000|0.000000
0.000000|0.000000|0.000000|0.000000|0.000000
0.000000|0.000000|0.000000|0.000000|0.000000
0.000000|0.000000|0.000000|0.000000|0.000000
0.000000|0.000000|0.000000|0.000000|0.000000
0.000000|0.000000|0.000000|0.000000|0.000000
0.000000|0.000000|0.000000|0.000000|0.000000
0.000000|0.000000|0.000000|0.000000|0.000000
0.000000|0.000000|0.000000|0.000000|0.000000
0.000000|0.000000|0.000000|0.000000|0.000000
0.000000|0.000000|0.000000|0.000000|0.000000
0.000000|0.000000|0.000000|0.000000|0.000000
0.000000|0.000000|0.000000|0.000000|0.000000
0.000000|0.000000|0.000000|0.000000|0.000000
0.000000|0.000000|0.000000|0.000000|0.000000
0.000000|0.000000|0.000000|0.000000|0.000000
0.000000|0.000000|0.000000|0.000000|0.000000
0.000000|0.000000|0.000000|0.000000|0.000000
0.000000|0.000000|0.000000|0.000000|0.000000
0.000000|0.000000|0.000000|0.000000|0.000000
0.000000|0.000000|0.000000|0.000000|0.000000
0.000000|0.000000|0.000000|0.000000|0.000000
9.537774|11.416891|10.726005|45.663063|4.153575
55.511276|12.446950|11.649114|21.889017|26.876619
9.052154|10.695553|9.258946|10.576165|55.811386
10.508434|10.847234|6.039313|41.496109|10.864525
11.427654|23.218342|9.623502|11.464105|8.914703
8.116758|7.644484|7.361452|7.659762|42.231670
15.483720|8.061364|7.951297|9.447145|3.268973
8.678186|12.297192|12.300197|53.373905|7.875377
3.784235|55.952282|3.149708|3.910859|2.571161
2.301356|-0.706014|-0.263275|2.778394|9.385962
2.272899|47.643833|3.014665|2.481206|2.273199
30.214352|34.885807|28.058939|49.665985|23.757284
0.000000|0.000000|0.000000|0.000000|0.000000
0.000000|0.000000|0.000000|0.000000|0.000000
0.000000|0.000000|0.000000|0.000000|0.000000
0.000000|0.000000|0.000000|0.000000|0.000000
0.000000|0.000000|0.000000|0.000000|0.000000
0.000000|0.000000|0.000000|0.000000|0.000000
0.000000|0.000000|0.000000|0.000000|0.000000
0.000000|0.000000|0.000000|0.000000|0.000000
0.000000|0.000000|0.000000|0.000000|0.000000
0.000000|0.000000|0.000000|0.000000|0.000000
0.000000|0.000000|0.000000|0.000000|0.000000
0.000000|0.000000|0.000000|0.000000|0.000000
0.000000|0.000000|0.000000|0.000000|0.000000
0.000000|0.000000|0.000000|0.000000|0.000000
0.000000|0.000000|0.000000|0.000000|0.000000
0.000000|0.000000|0.000000|0.000000|0.000000
0.000000|0.000000|0.000000|0.000000|0.000000
0.000000|0.000000|0.000000|0.000000|0.000000
0.000000|0.000000|0.000000|0.000000|0.000000
0.000000|0.000000|0.000000|0.000000|0.000000
0.000000|0.000000|0.000000|0.000000|0.000000
0.000000|0.000000|0.000000|0.000000|0.000000
0.000000|0.000000|0.000000|0.000000|0.000000
0.000000|0.000000|0.000000|0.000000|0.000000
0.000000|0.000000|0.000000|0.000000|0.000000
0.000000|0.000000|0.000000|0.000000|0.000000
0.000000|0.000000|0.000000|0.000000|0.000000
0.000000|0.000000|0.000000|0.000000|0.000000
0.000000|0.000000|0.000000|0.000000|0.000000
0.000000|0.000000|0.000000|0.000000|0.000000
0.000000|0.000000|0.000000|0.000000|0.000000
0.000000|0.000000|0.000000|0.000000|0.000000
0.000000|0.000000|0.000000|0.000000|0.000000
0.000000|0.000000|0.000000|0.000000|0.000000
0.000000|0.000000|0.000000|0.000000|0.000000
0.000000|0.000000|0.000000|0.000000|0.000000
0.000000|0.000000|0.000000|0.000000|0.000000
0.000000|0.000000|0.000000|0.000000|0.000000
0.000000|0.000000|0.000000|0.000000|0.000000
0.000000|0.000000|0.000000|0.000000|0.000000
0.000000|0.000000|0.000000|0.000000|0.000000
0.000000|0.000000|0.000000|0.000000|0.000000
0.000000|0.000000|0.000000|0.000000|0.000000
0.000000|0.000000|0.000000|0.000000|0.000000
0.000000|0.000000|0.000000|0.000000|0.000000
0.000000|0.000000|0.000000|0.000000|0.000000
0.000000|0.000000|0.000000|0.000000|0.000000
0.000000|0.000000|0.000000|0.000000|0.000000
0.000000|0.000000|0.000000|0.000000|0.000000
0.000000|0.000000|0.000000|0.000000|0.000000
0.000000|0.000000|0.000000|0.000000|0.000000
0.000000|0.000000|0.000000|0.000000|0.000000
0.000000|0.000000|0.000000|0.000000|0.000000
0.000000|0.000000|0.000000|0.000000|0.000000
0.000000|0.000000|0.000000|0.000000|0.000000
0.000000|0.000000|0.000000|0.000000|0.000000
0.000000|0.000000|0.000000|0.000000|0.000000
0.000000|0.000000|0.000000|0.000000|0.000000
0.000000|0.000000|0.000000|0.000000|0.000000
0.000000|0.000000|0.000000|0.000000|0.000000
0.000000|0.000000|0.000000|0.000000|0.000000
0.000000|0.000000|0.000000|0.000000|0.000000
0.000000|0.000000|0.000000|0.000000|0.000000
0.000000|0.000000|0.000000|0.000000|0.000000
0.000000|0.000000|0.000000|0.000000|0.000000
0.000000|0.000000|0.000000|0.000000|0.000000
0.000000|0.000000|0.000000|0.000000|0.000000
0.000000|0.000000|0.000000|0.000000|0.000000
0.000000|0.000000|0.000000|0.000000|0.000000
0.000000|0.000000|0.000000|0.000000|0.000000
0.000000|0.000000|0.000000|0.000000|0.000000
0.000000|0.000000|0.000000|0.000000|0.000000
0.000000|0.000000|0.000000|0.000000|0.000000
0.000000|0.000000|0.000000|0.000000|0.000000
0.000000|0.000000|0.000000|0.000000|0.000000
0.000000|0.000000|0.000000|0.000000|0.000000
0.000000|0.000000|0.000000|0.000000|0.000000
0.000000|0.000000|0.000000|0.000000|0.000000
0.000000|0.000000|0.000000|0.000000|0.000000
0.000000|0.000000|0.000000|0.000000|0.000000
0.000000|0.000000|0.000000|0.000000|0.000000
0.000000|0.000000|0.000000|0.000000|0.000000
0.000000|0.000000|0.000000|0.000000|0.000000
0.000000|0.000000|0.000000|0.000000|0.000000
0.000000|0.000000|0.000000|0.000000|0.000000
0.000000|0.000000|0.000000|0.000000|0.000000
0.000000|0.000000|0.000000|0.000000|0.000000
0.000000|0.000000|0.000000|0.000000|0.000000
0.000000|0.000000|0.000000|0.000000|0.000000
0.000000|0.000000|0.000000|0.000000|0.000000
0.000000|0.000000|0.000000|0.000000|0.000000
0.000000|0.000000|0.000000|0.000000|0.000000
0.000000|0.000000|0.000000|0.000000|0.000000
0.000000|0.000000|0.000000|0.000000|0.000000
0.000000|0.000000|0.000000|0.000000|0.000000
0.000000|0.000000|0.000000|0.000000|0.000000
0.000000|0.000000|0.000000|0.000000|0.000000
0.000000|0.000000|0.000000|0.000000|0.000000
0.000000|0.000000|0.000000|0.000000|0.000000
0.000000|0.000000|0.000000|0.000000|0.000000
0.000000|0.000000|0.000000|0.000000|0.000000
0.000000|0.000000|0.000000|0.000000|0.000000
0.000000|0.000000|0.000000|0.000000|0.000000
0.000000|0.000000|0.000000|0.000000|0.000000
0.000000|0.000000|0.000000|0.000000|0.000000
0.000000|0.000000|0.000000|0.000000|0.000000
0.000000|0.000000|0.000000|0.000000|0.000000
0.000000|0.000000|0.000000|0.000000|0.000000
0.000000|0.000000|0.000000|0.000000|0.000000
0.000000|0.000000|0.000000|0.000000|0.000000
0.000000|0.000000|0.000000|0.000000|0.000000
0.000000|0.000000|0.000000|0.000000|0.000000
0.000000|0.000000|0.000000|0.000000|0.000000
0.000000|0.000000|0.000000|0.000000|0.000000
0.000000|0.000000|0.000000|0.000000|0.000000
0.000000|0.000000|0.000000|0.000000|0.000000
0.000000|0.000000|0.000000|0.000000|0.000000
0.000000|0.000000|0.000000|0.000000|0.000000
0.000000|0.000000|0.000000|0.000000|0.000000
0.000000|0.000000|0.000000|0.000000|0.000000
0.000000|0.000000|0.000000|0.000000|0.000000
0.000000|0.000000|0.000000|0.000000|0.000000
0.000000|0.000000|0.000000|0.000000|0.000000
0.000000|0.000000|0.000000|0.000000|0.000000
0.000000|0.000000|0.000000|0.000000|0.000000
0.000000|0.000000|0.000000|0.000000|0.000000
0.000000|0.000000|0.000000|0.000000|0.000000
0.000000|0.000000|0.000000|0.000000|0.000000
0.000000|0.000000|0.000000|0.000000|0.000000
0.000000|0.000000|0.000000|0.000000|0.000000
0.000000|0.000000|0.000000|0.000000|0.000000
0.000000|0.000000|0.000000|0.000000|0.000000
24.436535|66.514076|18.930059|20.403536|22.147371
18.325575|4.673061|2.471371|1.106694|3.527714
15.397170|2.032454|7.409754|2.025539|5.494779
55.253838|14.205725|12.801269|26.430159|27.358963
33.133972|36.621220|27.173380|28.088730|59.722397
5.544712|4.496908|40.594997|8.661953|8.088138
2.752818|8.616226|7.684079|5.120841|17.118443
3.911557|4.171886|5.936952|22.883017|2.929790
29.044399|56.784184|21.175470|20.793213|23.351456
3.806224|3.897522|2.871790|1.925424|11.515145
11.465724|16.096247|9.049492|19.425848|55.272343
42.981613|5.201363|4.069648|5.329511|4.926946
0.000000|0.000000|0.000000|0.000000|0.000000
0.000000|0.000000|0.000000|0.000000|0.000000
0.000000|0.000000|0.000000|0.000000|0.000000
0.000000|0.000000|0.000000|0.000000|0.000000
0.000000|0.000000|0.000000|0.000000|0.000000
0.000000|0.000000|0.000000|0.000000|0.000000
0.000000|0.000000|0.000000|0.000000|0.000000
0.000000|0.000000|0.000000|0.000000|0.000000
0.000000|0.000000|0.000000|0.000000|0.000000
0.000000|0.000000|0.000000|0.000000|0.000000
0.000000|0.000000|0.000000|0.000000|0.000000
0.000000|0.000000|0.000000|0.000000|0.000000
0.000000|0.000000|0.000000|0.000000|0.000000
0.000000|0.000000|0.000000|0.000000|0.000000
0.000000|0.000000|0.000000|0.000000|0.000000
0.000000|0.000000|0.000000|0.000000|0.000000
0.000000|0.000000|0.000000|0.000000|0.000000
0.000000|0.000000|0.000000|0.000000|0.000000
0.000000|0.000000|0.000000|0.000000|0.000000
0.000000|0.000000|0.000000|0.000000|0.000000
0.000000|0.000000|0.000000|0.000000|0.000000
0.000000|0.000000|0.000000|0.000000|0.000000
0.000000|0.000000|0.000000|0.000000|0.000000
0.000000|0.000000|0.000000|0.000000|0.000000
